Loan,PostCode,ContractStart,MaturityDateOriginal,OriginalTerm,RemainingTerm,Seasoning,ContractType,OriginalPrincipal,CurrentPrincipal,ArrearsCapital,InterestRate,RegularPayment,PaymentFrequency,RiskTier,VehicleCondition,Make,"Electric Vehicle",VehiclePurchasePrice,LVR,BorrowerLocation,CreditScore,"date range days","from servicer report","two fields multiply","Contract start year","fixed value","cross file calc","cross file custom calc","PC custom calculated "
H104624216537,6164,9/12/2021,11/12/2028,84,70,13,Consumer,72227.00,61219.05,0.00,2.99,954.03,Monthly,Tier1,New,,Yes,82377.62,98.40,WA,,2559,,78590720.8086,2021,500000,,,195.3888237592809691
H105044736286,6164,10/12/2021,12/12/2028,84,70,13,Consumer,59341.12,50301.47,0.00,2.99,783.82,Monthly,Tier1,New,,Yes,69491.12,99.07,WA,,2559,,54468529.6784,2021,500000,,,195.3888237592809691
H104418675223,6170,8/12/2021,8/12/2026,60,46,13,Consumer,56385.75,49103.95,0.00,2.99,652.60,Monthly,Tier1,New,,Yes,66535.75,92.97,WA,,1826,,43421230.4500,2021,500000,,,273.8225629791894852
H104544641244,4217,8/12/2021,8/12/2028,84,70,13,Consumer,63225.00,53589.08,0.00,2.99,835.12,Monthly,Tier1,New,,Yes,63375.00,102.39,QLD,,2557,,52925730.0000,2021,500000,,,195.5416503715291357
H104458624257,3150,8/12/2021,18/11/2022,60,0,13,Consumer,44816.80,0.00,0.00,2.99,805.10,Monthly,Tier1,New,,Yes,67966.80,73.05,VIC,,345,,54720070.6800,2021,500000,,,1449.2753623188405797
H104465125793,6031,8/12/2021,8/9/2025,48,31,13,Consumer,27850.12,18319.21,0.00,2.99,616.32,Monthly,Tier1,New,,Yes,68000.12,45.92,WA,,1370,,41909833.9584,2021,500000,,,364.9635036496350365
H104609761931,4007,8/12/2021,8/12/2028,84,70,13,Consumer,66057.00,55989.46,0.00,2.99,872.53,Monthly,Tier1,New,,Yes,75207.00,101.78,QLD,,2557,,65620363.7100,2021,500000,,,195.5416503715291357
H105104697799,6155,13/12/2021,15/12/2025,48,34,13,Consumer,54252.62,42809.25,0.00,2.99,939.79,Monthly,Tier2,New,,Yes,66402.62,90.57,WA,,1463,,62404518.2498,2021,500000,,,341.7634996582365003
H104892719471,5074,10/12/2021,22/12/2025,48,34,13,Consumer,46421.00,33484.47,0.00,2.99,1027.29,Monthly,Tier1,New,,Yes,81571.00,62.02,SA,,1473,,83797072.5900,2021,500000,,,339.4433129667345553
H104489794785,3145,8/12/2021,8/12/2025,48,34,13,Consumer,48685.40,40855.90,0.00,2.99,671.85,Monthly,Tier1,New,,Yes,68835.40,79.81,VIC,,1461,,46247063.4900,2021,500000,,,342.2313483915126626
H104801562568,4152,9/12/2021,17/12/2026,60,46,13,Consumer,72525.00,62515.29,0.00,2.99,889.00,Monthly,Tier1,New,,Yes,78765.00,98.81,QLD,,1834,,70022085.0000,2021,500000,,,272.6281352235550709
H104954781541,6062,10/12/2021,14/12/2026,60,46,13,Consumer,59850.12,51923.06,0.00,2.99,706.91,Monthly,Tier2,New,,Yes,68000.12,98.68,WA,,1830,,48069964.8292,2021,500000,,,273.2240437158469945
H104731472896,4218,9/12/2021,9/12/2026,60,46,13,Commercial,73527.00,63409.28,0.00,2.99,894.80,Monthly,TierA,New,,Yes,78677.00,100.17,QLD,,1826,,70400179.6000,2021,500000,,,273.8225629791894852
H104542824232,6111,8/12/2021,19/12/2028,84,70,13,Consumer,77115.26,65439.71,0.00,2.99,1018.59,Monthly,Tier1,New,,Yes,97265.26,88.90,WA,,2568,,99073421.1834,2021,500000,,,194.7040498442367601
G112253062021,2560,11/2/2022,13/2/2029,84,72,11,Consumer,65528.00,56983.53,0.00,2.99,865.54,Monthly,Tier2,New,,Yes,80678.00,89.28,NSW,,2559,,69830036.1200,2022,500000,,,195.3888237592809691
G112299595917,3085,11/2/2022,15/2/2027,60,48,11,Consumer,40893.00,36326.49,0.00,2.99,477.21,Monthly,Tier1,New,,Yes,66543.00,68.27,QLD,,1830,,31754985.0300,2022,500000,,,273.2240437158469945
G112314564477,4069,11/2/2022,13/2/2025,36,24,11,Consumer,47357.00,32039.01,0.00,2.99,1376.99,Monthly,Tier1,New,,Yes,63507.00,79.06,QLD,,1098,,87448503.9300,2022,500000,,,455.3734061930783242
G112324479870,3030,11/2/2022,13/2/2029,84,72,11,Consumer,56744.20,49345.06,0.00,2.99,749.52,Monthly,Tier1,New,,Yes,64894.20,94.73,VIC,,2559,,48639500.7840,2022,500000,,,195.3888237592809691
G112361992047,2617,12/2/2022,13/11/2024,48,21,11,Consumer,56895.00,24857.28,0.00,2.99,1259.08,Monthly,Tier1,New,,Yes,77055.00,77.51,ACT,,1005,,97018409.4000,2022,500000,,,497.5124378109452736
G112366101871,3136,12/2/2022,13/2/2029,84,72,11,Consumer,49393.00,42952.82,0.00,2.99,652.42,Monthly,Tier1,New,,Yes,66543.00,82.46,VIC,,2558,,43413984.0600,2022,500000,,,195.4652071931196247
G112372290823,4101,13/2/2022,2/9/2022,84,0,11,Consumer,61822.00,0.00,0.00,2.99,816.59,Monthly,Tier1,New,,Yes,61972.00,103.21,QLD,,201,,50605715.4800,2022,500000,,,2487.5621890547263682
G112373311502,4012,14/2/2022,14/2/2029,84,72,11,Consumer,54713.00,47578.72,0.00,2.99,722.69,Monthly,Tier1,New,,Yes,64863.00,91.34,QLD,,2557,,46875841.4700,2022,500000,,,195.5416503715291357
G112396776181,3076,14/2/2022,14/2/2029,84,72,11,Consumer,36200.00,31479.78,0.00,2.99,478.15,Monthly,Tier1,New,,Yes,64864.20,60.43,VIC,,2557,,31014817.2300,2022,500000,,,195.5416503715291357
G112441299359,2913,14/2/2022,14/2/2029,84,72,11,Consumer,62564.00,54405.98,0.00,2.99,826.39,Monthly,Tier1,New,,Yes,89214.00,85.24,ACT,,2557,,73725557.4600,2022,500000,,,195.5416503715291357
G112512526672,2911,14/2/2022,18/8/2028,84,66,11,Consumer,63405.00,54407.31,0.00,2.99,900.00,Monthly,Tier1,New,,Yes,63555.00,105.85,ACT,,2377,,57199500.0000,2022,500000,,,210.3491796381994110
G112524025101,2177,14/2/2022,14/12/2026,60,46,11,Consumer,31805.00,24584.82,0.00,2.99,571.35,Monthly,Tier1,New,,Yes,63217.00,53.10,NSW,,1764,,36119032.9500,2022,500000,,,283.4467120181405896
G112547429944,3108,14/2/2022,15/2/2027,60,48,11,Consumer,81229.60,71959.99,0.00,2.99,964.36,Monthly,Tier1,New,,Yes,91379.60,110.67,VIC,,1827,,88122831.0560,2022,500000,,,273.6726874657909141
G112553766679,2158,14/2/2022,15/2/2027,60,48,11,Consumer,64512.00,56628.12,0.00,2.99,808.73,Monthly,Tier1,New,,Yes,64662.00,107.70,NSW,,1827,,52294099.2600,2022,500000,,,273.6726874657909141
G112566981713,4157,14/2/2022,14/2/2029,84,72,11,Consumer,59500.00,51741.52,0.00,2.99,785.92,Monthly,Tier1,New,,Yes,65619.00,99.33,QLD,,2557,,51571284.4800,2022,500000,,,195.5416503715291357
G112575403525,4069,14/2/2022,14/2/2029,84,72,11,Consumer,41261.00,35880.87,0.00,2.99,545.00,Monthly,Tier1,New,,Yes,64910.00,68.88,QLD,,2557,,35375950.0000,2022,500000,,,195.5416503715291357
G112599819250,2200,15/2/2022,15/2/2029,84,72,11,Consumer,40000.00,34784.34,0.00,2.99,528.35,Monthly,Tier1,New,,Yes,80419.00,54.50,NSW,,2557,,42489378.6500,2022,500000,,,195.5416503715291357
G112658024477,2170,15/2/2022,21/6/2022,84,0,11,Consumer,49932.00,0.00,0.00,2.99,659.54,Monthly,Tier1,New,,Yes,63224.00,83.36,NSW,,126,,41698756.9600,2022,500000,,,3968.2539682539682540
H104414561727,2066,8/12/2021,9/12/2024,36,22,13,Commercial,91676.00,74656.25,0.00,2.99,1425.10,Monthly,TierA,New,,Yes,93326.00,105.69,NSW,,1097,,132998882.6000,2021,500000,,,455.7885141294439380
H104444635009,6038,8/12/2021,8/12/2028,84,70,13,Consumer,82227.62,69695.59,0.00,2.99,1086.12,Monthly,Tier1,New,,Yes,82377.62,112.03,WA,,2557,,89471980.6344,2021,500000,,,195.5416503715291357
H104445034274,4575,8/12/2021,18/12/2028,84,70,13,Consumer,80055.00,67915.22,0.00,2.99,1057.42,Monthly,Tier1,New,,Yes,80205.00,107.96,QLD,,2567,,84810371.1000,2021,500000,,,194.7798987144526685
H104521709759,4352,8/12/2021,9/12/2024,36,22,13,Commercial,57742.00,41525.89,0.00,2.99,1283.84,Monthly,TierB,New,,Yes,92892.00,66.57,NSW,,1097,,119258465.2800,2021,500000,,,455.7885141294439380
H104630771869,3084,9/12/2021,11/12/2028,84,70,13,Commercial,33393.00,28303.67,0.00,2.99,441.08,Monthly,TierA,New,,Yes,66543.00,55.75,VIC,,2559,,29350786.4400,2021,500000,,,195.3888237592809691
H104633759479,4122,9/12/2021,9/12/2026,60,46,13,Commercial,38000.00,29637.51,0.00,2.99,682.64,Monthly,TierA,New,,Yes,77189.00,51.77,QLD,,1826,,52692298.9600,2021,500000,,,273.8225629791894852
H104646102259,6056,9/12/2021,9/12/2025,48,34,13,Consumer,90212.10,65011.82,0.00,2.99,1996.38,Monthly,Tier1,New,,Yes,95362.10,104.00,WA,,1461,,190378989.1980,2021,500000,,,342.2313483915126626
H104653223652,2900,9/12/2021,11/12/2028,84,70,13,Consumer,89024.00,75456.22,0.00,2.99,1175.89,Monthly,Tier1,New,,Yes,94174.00,102.63,ACT,,2559,,110738264.8600,2021,500000,,,195.3888237592809691
H104799390471,6069,9/12/2021,9/12/2025,48,34,13,Consumer,67227.62,48447.30,0.00,2.99,1487.74,Monthly,Tier2,New,,Yes,82377.62,90.66,WA,,1461,,122556480.3788,2021,500000,,,342.2313483915126626
H104803648378,6163,9/12/2021,11/12/2028,84,70,13,Consumer,82227.62,69695.60,0.00,2.99,1086.12,Monthly,Tier1,New,,Yes,82377.62,110.89,WA,,2559,,89471980.6344,2021,500000,,,195.3888237592809691
H104813295064,6023,9/12/2021,11/12/2028,84,70,13,Consumer,49850.62,42253.09,0.00,2.99,658.46,Monthly,Tier1,New,,Yes,71088.62,81.26,WA,,2559,,46809012.7252,2021,500000,,,195.3888237592809691
H104839465837,6000,10/12/2021,12/12/2028,84,70,13,Consumer,50000.25,42383.50,0.00,2.99,660.44,Monthly,Tier2,New,,Yes,68000.00,77.04,WA,,2559,,44909920.0000,2021,500000,,,195.3888237592809691
H104934927020,4217,10/12/2021,14/12/2026,60,46,13,Consumer,40018.00,31213.71,0.00,2.99,718.89,Monthly,Tier1,New,,Yes,63375.00,66.81,QLD,,1830,,45559653.7500,2021,500000,,,273.2240437158469945
H104983448725,3141,10/12/2021,12/12/2024,36,22,13,Consumer,44851.80,27891.16,0.00,2.99,1304.14,Monthly,Tier2,New,,Yes,68001.80,68.37,VIC,,1098,,88683867.4520,2021,500000,,,455.3734061930783242
H104992454830,6062,10/12/2021,14/12/2026,60,46,13,Consumer,79974.69,62379.61,0.00,2.99,1436.68,Monthly,Tier1,New,,Yes,97265.26,90.63,WA,,1830,,139739053.7368,2021,500000,,,273.2240437158469945
G112447109622,2323,14/2/2022,14/2/2029,84,72,11,Consumer,77092.00,67039.61,0.00,2.99,1018.29,Monthly,Tier1,New,,Yes,77242.00,105.03,NSW,,2557,,78654756.1800,2022,500000,,,195.5416503715291357
G112504108546,3070,14/2/2022,15/2/2027,60,48,11,Consumer,64960.20,55936.79,0.00,2.99,903.49,Monthly,Tier1,New,,Yes,68110.20,108.45,VIC,,1827,,61536884.5980,2022,500000,,,273.6726874657909141
G112506225941,4115,14/2/2022,14/2/2025,36,24,11,Consumer,44755.00,35527.06,0.00,2.99,869.96,Monthly,Tier1,New,,Yes,64905.00,74.72,QLD,,1096,,56464753.8000,2022,500000,,,456.2043795620437956
H105054822115,6018,10/12/2021,14/12/2026,60,46,13,Consumer,78000.00,66810.49,0.00,2.99,946.40,Monthly,Tier1,New,,Yes,82377.62,104.21,WA,,1830,,77962179.5680,2021,500000,,,273.2240437158469945
H105134233967,6171,13/12/2021,13/1/2026,84,35,13,Consumer,52000.00,37484.32,0.00,2.99,1150.00,Monthly,Tier1,New,,Yes,68000.12,85.74,WA,,1492,,78200138.0000,2021,500000,,,335.1206434316353887
H105171049958,4210,13/12/2021,13/12/2028,84,70,13,Consumer,55000.00,46617.62,0.00,2.99,726.48,Monthly,Tier1,New,,Yes,63460.00,91.82,QLD,,2557,,46102420.8000,2021,500000,,,195.5416503715291357
H105203036661,7050,13/12/2021,13/12/2028,84,70,13,Consumer,61851.00,52424.55,0.00,2.99,816.97,Monthly,Tier1,New,,Yes,62001.00,103.26,TAS,,2557,,50652956.9700,2021,500000,,,195.5416503715291357
H105409360677,6210,14/12/2021,14/12/2026,60,46,13,Consumer,60780.12,53628.74,0.00,2.99,654.41,Monthly,Tier1,New,,Yes,80780.12,81.20,WA,,1826,,52863318.3292,2021,500000,,,273.8225629791894852
H105452135154,5107,14/12/2021,14/12/2028,84,70,13,Consumer,69773.00,59139.08,0.00,2.99,921.61,Monthly,Tier1,New,,Yes,69923.00,115.04,SA,,2557,,64441736.0300,2021,500000,,,195.5416503715291357
H105467011264,2566,14/12/2021,9/12/2022,72,0,13,Consumer,46087.00,0.00,0.00,2.99,700.02,Monthly,Tier1,New,,Yes,66237.00,75.99,NSW,,360,,46367224.7400,2021,500000,,,1388.8888888888888889
H105499148588,3067,15/12/2021,15/12/2028,84,70,13,Consumer,61393.00,52036.62,0.00,2.99,810.92,Monthly,Tier1,New,,Yes,66543.00,101.23,VIC,,2557,,53961049.5600,2021,500000,,,195.5416503715291357
H105512030170,4870,15/12/2021,3/8/2022,84,0,13,Consumer,60000.00,0.00,0.00,2.99,792.52,Monthly,Tier1,New,,Yes,65619.00,100.17,QLD,,231,,52004369.8800,2021,500000,,,2164.5021645021645022
H105514270462,6164,15/12/2021,15/12/2026,60,46,13,Consumer,51252.62,39973.46,0.00,2.99,920.71,Monthly,Tier1,New,,Yes,66402.62,85.56,WA,,1826,,61137556.2602,2021,500000,,,273.8225629791894852
H105609668425,6004,15/12/2021,15/12/2028,84,70,13,Consumer,80000.00,67807.78,0.00,2.99,1056.70,Monthly,Tier1,New,,Yes,82377.62,107.89,WA,,2557,,87048431.0540,2021,500000,,,195.5416503715291357
H105719031204,6065,15/12/2021,16/12/2024,36,22,13,Consumer,40000.62,24872.43,0.00,2.99,1163.09,Monthly,Tier1,New,,Yes,82377.62,53.95,WA,,1097,,95812586.0458,2021,500000,,,455.7885141294439380
H105744728183,3195,15/12/2021,19/12/2028,84,70,13,Consumer,57000.00,30927.40,0.00,2.99,486.51,Monthly,Tier1,New,,Yes,67276.60,93.44,VIC,,2561,,32730738.6660,2021,500000,,,195.2362358453729012
H105775913135,6430,16/12/2021,16/12/2026,60,46,13,Consumer,62227.62,53877.30,0.00,2.99,742.29,Monthly,Tier1,New,,Yes,80913.25,83.92,WA,,1826,,60061096.3425,2021,500000,,,273.8225629791894852
H105804904606,2000,16/12/2021,18/12/2028,84,70,13,Commercial,75000.00,63569.60,0.00,2.99,990.65,Monthly,TierA,New,,Yes,116978.70,102.18,NSW,,2559,,115884949.1550,2021,500000,,,195.3888237592809691
H105807546673,6007,16/12/2021,16/12/2025,48,34,13,Consumer,51325.12,36987.30,0.00,2.99,1135.82,Monthly,Tier1,New,,Yes,83975.12,69.22,WA,,1461,,95380620.7984,2021,500000,,,342.2313483915126626
H105827358706,6164,16/12/2021,16/12/2026,60,46,13,Consumer,61018.32,52318.78,0.00,2.99,763.81,Monthly,Tier1,New,,Yes,61368.00,101.87,WA,,1826,,46873492.0800,2021,500000,,,273.8225629791894852
H106013357251,3141,17/12/2021,19/12/2028,84,70,13,Consumer,51794.16,43904.16,0.00,2.99,684.13,Monthly,Tier1,New,,Yes,63550.40,86.47,VIC,,2559,,43476735.1520,2021,500000,,,195.3888237592809691
H106049325007,2018,17/12/2021,19/12/2028,84,70,13,Consumer,64512.00,54684.55,0.00,2.99,852.12,Monthly,Tier1,New,,Yes,64662.00,107.70,NSW,,2559,,55099783.4400,2021,500000,,,195.3888237592809691
H106076747234,2602,17/12/2021,19/12/2028,84,70,13,Consumer,16518.00,14001.75,0.00,2.99,218.18,Monthly,Tier2,Used,,Yes,56868.00,28.07,ACT,,2559,,12407460.2400,2021,500000,,,195.3888237592809691
H106096613282,6110,17/12/2021,19/12/2024,36,22,13,Commercial,45763.25,28457.91,0.00,2.99,1330.64,Monthly,TierB,New,,Yes,80913.25,62.35,WA,,1098,,107666406.9800,2021,500000,,,455.3734061930783242
H106122209296,2557,17/12/2021,22/2/2027,60,48,13,Consumer,62420.00,49819.09,0.00,2.99,1121.32,Monthly,Tier2,New,,Yes,64662.00,104.21,NSW,,1893,,72506793.8400,2021,500000,,,264.1310089804543053
H106143759333,4208,17/12/2021,19/12/2024,36,22,13,Commercial,92742.00,57671.38,0.00,2.99,2696.64,Monthly,TierA,New,,Yes,94880.00,105.10,QLD,,1098,,255857203.2000,2021,500000,,,455.3734061930783242
H106173295285,4179,17/12/2021,19/12/2028,84,70,13,Consumer,58225.00,49355.22,0.00,2.99,769.08,Monthly,Tier1,New,,Yes,63375.00,97.20,QLD,,2559,,48740445.0000,2021,500000,,,195.3888237592809691
H106292300663,2030,20/12/2021,20/12/2024,36,22,13,Consumer,46087.00,28656.42,0.00,2.99,1340.06,Monthly,Tier1,New,,Yes,66237.00,76.94,NSW,,1096,,88761554.2200,2021,500000,,,456.2043795620437956
H106367406201,4006,20/12/2021,20/12/2028,84,70,13,Consumer,60000.00,50856.04,0.00,2.99,792.52,Monthly,Tier1,New,,Yes,64905.00,98.93,QLD,,2557,,51438510.6000,2021,500000,,,195.5416503715291357
H106548579294,6018,21/12/2021,21/12/2026,60,46,13,Consumer,66252.62,19540.83,0.00,2.99,177.95,Monthly,Tier2,New,,Yes,66402.62,110.61,WA,,1826,,11816346.2290,2021,500000,,,273.8225629791894852
H106577914471,3076,21/12/2021,21/12/2028,84,70,13,Consumer,65693.80,55681.56,0.00,2.99,867.73,Monthly,Tier1,New,,Yes,69043.80,106.39,VIC,,2557,,59911376.5740,2021,500000,,,195.5416503715291357
H106655607991,2170,22/12/2021,22/12/2026,60,46,13,Consumer,60661.00,52747.31,0.00,4.30,770.12,Monthly,Tier1,New,,Yes,67800.00,99.44,NSW,,1826,,52214136.0000,2021,500000,,,273.8225629791894852
H106678946317,6112,22/12/2021,10/1/2022,84,84,0,Consumer,33249.00,0.00,0.00,4.89,468.22,Monthly,Tier1,New,,No,33800.00,110.87,WA,,19,,15825836.0000,2021,500000,,,26315.789473684211
H106751018117,3037,22/12/2021,28/1/2027,60,47,13,Consumer,53358.00,42499.42,0.00,2.99,958.53,Monthly,Tier1,New,,Yes,66508.00,87.98,VIC,,1863,,63749913.2400,2021,500000,,,268.3843263553408481
H106780844434,4551,22/12/2021,28/3/2022,60,0,13,Commercial,20065.15,0.00,0.00,8.47,411.37,Monthly,TierA,Used,,No,18526.15,48.82,QLD,,96,,7621102.3255,2021,500000,,,5208.3333333333333333
H106804049652,3722,22/12/2021,22/12/2026,60,46,13,Consumer,39049.00,32515.46,431.36,9.95,828.71,Monthly,Tier3,Used,,No,38000.00,114.98,VIC,,1826,,31490980.0000,2021,500000,,,273.8225629791894852
H107527926922,7010,4/1/2022,4/1/2029,84,71,12,Consumer,39455.00,33882.14,0.00,2.99,521.15,Monthly,Tier1,New,,Yes,89193.00,45.10,TAS,,2557,,46482931.9500,2022,500000,,,195.5416503715291357
H107804667481,5169,7/1/2022,9/1/2029,84,71,12,Consumer,49850.00,42801.92,0.00,2.99,658.45,Monthly,Tier1,New,,Yes,63084.00,83.22,SA,,2559,,41537659.8000,2022,500000,,,195.3888237592809691
H108678562193,3195,14/1/2022,16/1/2029,84,71,12,Consumer,40000.00,34517.15,0.00,3.99,546.56,Monthly,Tier2,Used,,Yes,63208.60,72.83,VIC,,2559,,34547292.4160,2022,500000,,,195.3888237592809691
H109644051608,2604,24/1/2022,27/1/2026,60,35,12,Consumer,41212.22,32914.74,0.00,3.98,990.10,Monthly,Tier1,New,,Yes,62503.22,56.15,ACT,,1464,,61884438.1220,2022,500000,,,341.5300546448087432
H110973652501,6016,2/2/2022,2/4/2026,60,38,11,Commercial,69964.26,41666.89,0.00,10.98,1300.21,Monthly,TierA,New,,Yes,97265.26,80.66,WA,,1520,,126465263.7046,2022,500000,,,328.9473684210526316
H111302026524,3978,4/2/2022,14/11/2022,60,0,11,Commercial,61772.00,0.00,0.00,4.95,821.96,Monthly,TierA,New,,Yes,66433.00,103.13,VIC,,283,,54605268.6800,2022,500000,,,1766.7844522968197880
H111593963692,3029,8/2/2022,8/2/2029,84,72,11,Consumer,65687.00,57770.87,0.00,5.49,943.61,Monthly,Tier1,New,,Yes,66488.00,108.31,VIC,,2557,,62738741.6800,2022,500000,,,195.5416503715291357
H111851411322,6156,9/2/2022,9/12/2025,48,34,11,Consumer,72115.26,50888.89,0.00,2.99,1595.90,Monthly,Tier1,New,,Yes,97265.26,82.42,WA,,1399,,155225628.4340,2022,500000,,,357.3981415296640457
H112083827145,2577,10/2/2022,10/2/2027,60,48,11,Consumer,48974.00,44016.21,0.00,2.99,529.51,Monthly,Tier1,New,,Yes,64679.00,81.76,NSW,,1826,,34248177.2900,2022,500000,,,273.8225629791894852
H112108026132,6006,10/2/2022,10/2/2027,60,48,11,Commercial,95115.26,83618.05,0.00,2.99,1181.95,Monthly,TierA,New,,Yes,97265.26,109.65,WA,,1826,,114962674.0570,2022,500000,,,273.8225629791894852
H112130372682,2071,10/2/2022,10/11/2028,84,69,11,Consumer,40005.00,34570.43,0.00,2.99,550.00,Monthly,Tier2,New,,Yes,80059.00,54.50,NSW,,2465,,44032450.0000,2022,500000,,,202.8397565922920892
H112152981157,2153,10/2/2022,10/2/2027,60,48,11,Commercial,35000.00,32794.07,0.00,2.99,268.51,Monthly,TierC,New,,Yes,66522.00,58.43,NSW,,1826,,17861822.2200,2022,500000,,,273.8225629791894852
H112182224559,2155,10/2/2022,10/2/2027,60,48,11,Consumer,49649.00,44572.06,0.00,2.99,540.98,Monthly,Tier1,New,,Yes,64799.00,82.89,NSW,,1826,,35054963.0200,2022,500000,,,273.8225629791894852
H112223581168,4818,11/2/2022,13/2/2025,36,24,11,Consumer,33183.00,22449.78,0.00,2.99,964.85,Monthly,Tier2,New,,Yes,63333.00,55.40,QLD,,1098,,61106845.0500,2022,500000,,,455.3734061930783242
H112230281955,4350,11/2/2022,31/3/2022,36,35,1,Consumer,41269.00,0.00,0.00,4.35,925.22,Monthly,Tier1,New,,No,46000.00,109.35,QLD,,48,,42560120.0000,2022,500000,,,10416.666666666667
H112295457955,4352,11/2/2022,13/2/2029,84,72,11,Consumer,44889.00,39626.88,0.00,6.35,663.32,Monthly,Tier1,Used,,Yes,49440.00,101.46,QLD,,2559,,32794540.8000,2022,500000,,,195.3888237592809691
H112338917557,2287,11/2/2022,13/2/2029,84,72,11,Consumer,64964.36,56754.09,0.00,3.99,887.68,Monthly,Tier1,New,,No,75000.00,108.29,NSW,,2559,,66576000.0000,2022,500000,,,195.3888237592809691
H112363595780,2565,12/2/2022,13/2/2029,84,72,11,Consumer,45161.00,39455.35,0.00,4,617.29,Monthly,Tier1,New,,Yes,64662.00,75.39,NSW,,2558,,39915205.9800,2022,500000,,,195.4652071931196247
H112430076488,3754,14/2/2022,15/2/2027,60,48,11,Consumer,36489.00,33297.04,0.00,4.34,392.67,Monthly,Tier1,New,,Yes,68055.20,60.16,VIC,,1827,,26723235.3840,2022,500000,,,273.6726874657909141
H112689089042,3977,15/2/2022,18/8/2022,48,0,11,Consumer,41904.20,0.00,0.00,2.99,671.98,Monthly,Tier2,New,,Yes,65054.20,69.96,VIC,,184,,43715121.3160,2022,500000,,,2717.3913043478260870
H112708738237,3350,15/2/2022,5/2/2029,84,72,11,Consumer,28273.00,24564.20,0.00,2.99,373.45,Monthly,Tier1,New,,Yes,66423.00,47.20,VIC,,2547,,24805669.3500,2022,500000,,,196.3093835885355320
H112713831748,4208,15/2/2022,15/2/2029,84,72,11,Consumer,62285.00,54163.63,0.00,2.99,822.70,Monthly,Tier2,New,,Yes,66435.00,103.98,QLD,,2557,,54656074.5000,2022,500000,,,195.5416503715291357
H112714496387,3193,15/2/2022,19/3/2029,84,73,11,Consumer,63358.00,55122.33,0.00,2.99,836.88,Monthly,Tier1,New,,Yes,66508.00,105.77,VIC,,2589,,55659215.0400,2022,500000,,,193.1247585940517574
H112726677675,2261,15/2/2022,15/2/2029,84,72,11,Consumer,51119.00,44453.49,0.00,2.99,675.22,Monthly,Tier1,New,,Yes,80269.00,69.64,NSW,,2557,,54199234.1800,2022,500000,,,195.5416503715291357
H112730831809,2230,15/2/2022,15/2/2027,60,48,11,Consumer,31489.00,25705.57,0.00,3.99,579.77,Monthly,Tier1,New,,Yes,64669.00,52.57,NSW,,1826,,37493146.1300,2022,500000,,,273.8225629791894852
H112754738361,2454,15/2/2022,15/2/2029,84,72,11,Consumer,57954.00,50397.81,0.00,2.99,765.50,Monthly,Tier2,New,,Yes,63104.00,96.75,NSW,,2557,,48306112.0000,2022,500000,,,195.5416503715291357
H112783518721,4035,16/2/2022,16/2/2027,60,48,11,Consumer,59525.00,48319.30,0.00,2.99,1069.32,Monthly,Tier1,New,,Yes,78675.00,81.10,QLD,,1826,,84128751.0000,2022,500000,,,273.8225629791894852
H112797751013,4068,16/2/2022,16/2/2029,84,72,11,Consumer,64755.00,56311.38,0.00,2.99,855.33,Monthly,Tier1,New,,Yes,64905.00,106.77,QLD,,2557,,55515193.6500,2022,500000,,,195.5416503715291357
H112799268754,4065,16/2/2022,16/2/2026,48,36,11,Consumer,52064.84,42104.67,0.00,2.99,948.36,Monthly,Tier1,New,,Yes,64868.00,86.92,QLD,,1461,,61518216.4800,2022,500000,,,342.2313483915126626
H112806729155,3165,16/2/2022,23/12/2022,72,0,11,Consumer,51834.20,0.00,0.00,2.99,787.32,Monthly,Tier1,New,,Yes,64984.20,86.53,VIC,,310,,51163360.3440,2022,500000,,,1612.9032258064516129
H112863520668,2010,16/2/2022,16/2/2029,84,72,11,Commercial,95226.00,82809.09,0.00,2.99,1257.82,Monthly,TierA,New,,Yes,95376.00,109.78,NSW,,2557,,119965840.3200,2022,500000,,,195.5416503715291357
H112892527380,4575,16/2/2022,16/2/2027,60,48,11,Consumer,64958.00,52729.53,0.00,2.99,1166.92,Monthly,Tier1,New,,Yes,77108.00,88.50,QLD,,1826,,89978867.3600,2022,500000,,,273.8225629791894852
H112902690713,2148,16/2/2022,16/2/2029,84,72,11,Consumer,66692.00,57995.77,0.00,2.99,880.92,Monthly,Tier2,New,,Yes,76842.00,111.34,NSW,,2557,,67691654.6400,2022,500000,,,195.5416503715291357
H112913235942,7250,16/2/2022,16/2/2029,84,72,11,Consumer,32851.00,28567.42,0.00,2.99,433.92,Monthly,Tier1,New,,Yes,62001.00,54.84,TAS,,2557,,26903473.9200,2022,500000,,,195.5416503715291357
H112915810699,4077,16/2/2022,16/2/2027,60,48,11,Commercial,58225.00,50248.60,0.00,2.99,800.66,Monthly,TierA,New,,Yes,63419.00,97.20,QLD,,1826,,50777056.5400,2022,500000,,,273.8225629791894852
H112961608951,2211,16/2/2022,17/2/2025,36,24,11,Commercial,67972.00,45986.16,0.00,2.99,1976.40,Monthly,TierA,New,,Yes,68122.00,113.48,NSW,,1097,,134636320.8000,2022,500000,,,455.7885141294439380
H112964559887,4006,16/2/2022,22/11/2022,84,0,11,Consumer,63183.00,0.00,0.00,2.99,834.57,Monthly,Tier1,New,,Yes,63333.00,105.48,QLD,,279,,52855821.8100,2022,500000,,,1792.1146953405017921
H112971625773,4209,16/2/2022,16/2/2027,60,48,11,Consumer,48255.00,43447.41,0.00,2.99,515.37,Monthly,Tier1,New,,Yes,64905.00,80.56,QLD,,1826,,33450089.8500,2022,500000,,,273.8225629791894852
H113003012723,2115,17/2/2022,19/2/2029,84,72,11,Consumer,64512.00,56101.40,0.00,2.99,852.12,Monthly,Tier1,New,,Yes,64669.00,107.70,NSW,,2559,,55105748.2800,2022,500000,,,195.3888237592809691
H113005968406,3131,17/2/2022,19/2/2029,84,72,11,Consumer,61904.20,53832.44,0.00,2.99,817.67,Monthly,Tier1,New,,Yes,65054.20,103.35,VIC,,2559,,53192867.7140,2022,500000,,,195.3888237592809691
H113022499769,6030,17/2/2022,19/2/2029,84,72,11,Consumer,94192.01,81910.06,0.00,2.99,1244.16,Monthly,Tier1,New,,Yes,68000.00,108.59,WA,,2559,,84602880.0000,2022,500000,,,195.3888237592809691
H113024953447,2486,17/2/2022,19/2/2029,84,72,11,Consumer,60000.00,52176.48,0.00,2.99,792.52,Monthly,Tier1,New,,Yes,64863.00,100.17,NSW,,2559,,51405224.7600,2022,500000,,,195.3888237592809691
H113029430479,6502,17/2/2022,19/2/2029,84,72,11,Consumer,79563.25,69188.79,0.00,2.99,1050.93,Monthly,Tier1,New,,Yes,80913.25,108.40,WA,,2559,,85034161.8225,2022,500000,,,195.3888237592809691
H113079906746,2137,17/2/2022,17/2/2028,72,60,11,Consumer,60000.00,50730.74,0.00,2.99,911.35,Monthly,Tier2,New,,Yes,78967.00,81.74,NSW,,2191,,71966575.4500,2022,500000,,,228.2062984938384299
H113083457508,3930,17/2/2022,17/2/2025,36,24,11,Consumer,35000.00,23679.24,0.00,2.99,1017.68,Monthly,Tier1,New,,Yes,66433.00,58.43,VIC,,1096,,67607535.4400,2022,500000,,,456.2043795620437956
H113106580320,3107,17/2/2022,19/2/2029,84,72,11,Consumer,80464.20,69972.27,0.00,2.99,1062.83,Monthly,Tier1,New,,Yes,80614.20,108.52,VIC,,2559,,85679190.1860,2022,500000,,,195.3888237592809691
H113142926289,3178,17/2/2022,19/2/2029,84,72,11,Consumer,65685.40,57120.53,0.00,2.99,867.62,Monthly,Tier1,New,,Yes,68835.40,106.37,VIC,,2559,,59722969.7480,2022,500000,,,195.3888237592809691
H113178513620,6108,18/2/2022,20/2/2029,84,72,11,Consumer,33051.62,28741.83,0.00,2.99,436.57,Monthly,Tier1,New,,Yes,66402.62,55.18,WA,,2559,,28989391.8134,2022,500000,,,195.3888237592809691
H113179133113,6164,18/2/2022,20/2/2029,84,72,11,Consumer,61252.62,53265.56,0.00,2.99,809.07,Monthly,Tier1,New,,Yes,66402.62,102.26,WA,,2559,,53724367.7634,2022,500000,,,195.3888237592809691
H113192849927,2155,18/2/2022,21/11/2022,84,0,11,Consumer,59732.00,0.00,0.00,2.99,788.98,Monthly,Tier1,New,,Yes,81882.00,81.38,NSW,,276,,64603260.3600,2022,500000,,,1811.5942028985507246
H113205184184,4035,18/2/2022,20/8/2025,60,30,11,Consumer,73122.00,57291.94,0.00,2.99,2000.00,Monthly,Tier1,New,,Yes,77272.00,99.62,QLD,,1279,,154544000.0000,2022,500000,,,390.9304143862392494
H113228096384,4209,18/2/2022,20/2/2029,84,72,11,Consumer,63229.00,54984.27,0.00,2.99,835.17,Monthly,Tier1,New,,Yes,63579.00,105.56,QLD,,2559,,53099273.4300,2022,500000,,,195.3888237592809691
H113250154978,3134,18/2/2022,20/2/2029,84,72,11,Consumer,61799.20,53740.84,0.00,2.99,816.29,Monthly,Tier1,New,,Yes,64949.20,103.17,VIC,,2559,,53017382.4680,2022,500000,,,195.3888237592809691
H113254055698,4211,18/2/2022,2/3/2022,84,84,0,Consumer,47589.00,0.00,0.00,7.85,738.18,Monthly,Tier1,Used,,No,45990.00,117.39,QLD,,12,,33948898.2000,2022,500000,,,41666.666666666667
H113271218223,4159,18/2/2022,20/2/2029,84,72,11,Consumer,69084.00,60624.64,0.00,4.99,976.10,Monthly,Tier1,New,,Yes,67595.00,104.20,QLD,,2559,,65979479.5000,2022,500000,,,195.3888237592809691
H113299347501,3029,18/2/2022,22/2/2027,60,48,11,Consumer,64894.20,56953.40,0.00,2.99,814.34,Monthly,Tier1,New,,Yes,64894.20,88.41,VIC,,1830,,52845942.8280,2022,500000,,,273.2240437158469945
H113317612173,4573,18/2/2022,4/10/2022,84,0,11,Consumer,55592.00,0.00,0.00,2.99,734.30,Monthly,Tier1,New,,Yes,75770.00,75.74,QLD,,228,,55637911.0000,2022,500000,,,2192.9824561403508772
H113318505855,4101,18/2/2022,28/3/2022,60,59,1,Consumer,13049.00,0.00,0.00,7.85,263.65,Monthly,Tier1,Used,,No,67000.00,24.09,QLD,,38,,17664550.0000,2022,500000,,,13157.894736842105
H113348717034,3850,18/2/2022,28/3/2022,84,83,1,Consumer,64827.92,0.00,0.00,5.99,946.73,Monthly,Tier1,Used,,No,63313.92,126.12,VIC,,38,,59941187.4816,2022,500000,,,13157.894736842105
H113402310767,4069,19/2/2022,22/2/2027,60,48,11,Commercial,34850.00,28289.35,0.00,2.99,626.05,Monthly,TierC,New,,Yes,64949.00,58.18,QLD,,1829,,40661321.4500,2022,500000,,,273.3734281027884090
H113413268232,2830,21/2/2022,21/2/2029,84,72,11,Consumer,65850.00,57264.72,0.00,2.99,869.79,Monthly,Tier1,New,,Yes,66000.00,108.57,NSW,,2557,,57406140.0000,2022,500000,,,195.5416503715291357
H113454140546,4272,21/2/2022,30/3/2022,84,83,1,Consumer,64755.00,0.00,0.00,2.99,855.33,Monthly,Tier1,New,,Yes,64905.00,108.11,QLD,,37,,55515193.6500,2022,500000,,,13513.513513513514
H113455924246,3978,21/2/2022,21/2/2029,84,72,11,Consumer,86102.00,74876.44,0.00,2.99,1137.30,Monthly,Tier1,New,,Yes,91252.00,117.63,VIC,,2557,,103780899.6000,2022,500000,,,195.5416503715291357
H113474558409,2110,21/2/2022,22/2/2027,60,48,11,Consumer,64472.00,56955.26,0.00,2.99,778.44,Monthly,Tier1,New,,Yes,70122.00,107.63,NSW,,1827,,54585769.6800,2022,500000,,,273.6726874657909141
H113476876066,3156,21/2/2022,29/12/2022,60,0,11,Consumer,61834.20,0.00,0.00,2.99,1110.80,Monthly,Tier1,New,,Yes,65193.00,103.23,VIC,,311,,72416384.4000,2022,500000,,,1607.7170418006430868
H113502297379,2205,21/2/2022,21/2/2029,84,72,11,Consumer,67669.00,58845.34,0.00,2.99,893.82,Monthly,Tier1,New,,Yes,67812.00,112.97,NSW,,2557,,60611721.8400,2022,500000,,,195.5416503715291357
H113557820936,6010,21/2/2022,26/2/2029,84,72,11,Consumer,54447.62,47953.25,0.00,2.99,719.18,Monthly,Tier1,New,,Yes,69597.62,90.90,WA,,2562,,50053216.3516,2022,500000,,,195.1600312256049961
H113559098033,4125,21/2/2022,21/2/2029,84,72,11,Consumer,63310.00,55054.80,0.00,2.99,836.24,Monthly,Tier1,New,,Yes,63460.00,105.69,QLD,,2557,,53067790.4000,2022,500000,,,195.5416503715291357
H113580395265,5540,22/2/2022,5/10/2027,66,56,11,Consumer,68024.00,58193.77,0.00,5.49,1196.42,Monthly,Tier1,New,,Yes,78459.00,84.55,SA,,2051,,93869916.7800,2022,500000,,,243.7835202340321794
H113614545447,3192,22/2/2022,22/2/2027,60,48,11,Commercial,48393.00,43040.66,0.00,2.99,560.48,Monthly,TierB,New,,Yes,66543.00,80.79,VIC,,1826,,37296020.6400,2022,500000,,,273.8225629791894852
H113636239816,4164,22/2/2022,22/2/2027,60,48,11,Consumer,70919.00,61339.78,0.00,2.99,964.01,Monthly,Tier1,New,,Yes,91069.00,78.10,QLD,,1826,,87791426.6900,2022,500000,,,273.8225629791894852
H113643924186,4221,22/2/2022,2/5/2022,60,0,11,Consumer,43235.00,0.00,0.00,2.99,531.69,Monthly,Tier2,New,,Yes,63338.00,71.29,QLD,,69,,33676181.2200,2022,500000,,,7246.3768115942028986
H113647085018,3068,22/2/2022,22/2/2027,60,48,11,Consumer,47834.20,41887.59,0.00,2.99,607.93,Monthly,Tier2,New,,Yes,64984.20,79.86,VIC,,1826,,39505844.7060,2022,500000,,,273.8225629791894852
H113656598168,4215,22/2/2022,22/2/2029,84,72,11,Consumer,54755.00,47463.36,0.00,2.99,723.24,Monthly,Tier1,New,,Yes,64905.00,91.41,QLD,,2557,,46941892.2000,2022,500000,,,195.5416503715291357
H113697483785,2126,22/2/2022,22/2/2027,60,48,11,Consumer,60000.00,52530.61,0.00,2.99,763.40,Monthly,Tier3,New,,Yes,67744.00,100.17,NSW,,1826,,51715769.6000,2022,500000,,,273.8225629791894852
H113754242599,4218,22/2/2022,22/2/2027,60,48,11,Consumer,60000.00,52978.46,0.00,2.99,726.59,Monthly,Tier2,New,,Yes,64863.00,100.17,QLD,,1826,,47128807.1700,2022,500000,,,273.8225629791894852
H113771952583,4178,22/2/2022,22/2/2029,84,72,11,Consumer,66995.00,58888.59,739.70,2.99,884.92,Monthly,Tier1,New,,Yes,77145.00,91.27,QLD,,2557,,68267153.4000,2022,500000,,,195.5416503715291357
H113793492152,4017,22/2/2022,23/2/2026,48,36,11,Consumer,29963.00,29619.43,0.00,2.99,102.89,Monthly,Tier1,New,,Yes,63388.00,50.02,QLD,,1462,,6521991.3200,2022,500000,,,341.9972640218878249
H113813280300,3173,23/2/2022,23/2/2026,48,36,11,Consumer,64905.20,54275.41,0.00,2.99,1035.39,Monthly,Tier1,New,,Yes,68055.20,108.36,VIC,,1461,,70463673.5280,2022,500000,,,342.2313483915126626
H113834395788,3030,23/2/2022,23/2/2027,60,48,11,Consumer,66488.00,53972.30,0.00,2.99,1194.40,Monthly,Tier1,New,,Yes,66488.00,109.63,VIC,,1826,,79413267.2000,2022,500000,,,273.8225629791894852
H113857627274,4127,23/2/2022,23/2/2027,60,48,11,Commercial,60000.00,53226.29,0.00,2.99,706.23,Monthly,TierA,New,,Yes,80062.00,81.74,QLD,,1826,,56542186.2600,2022,500000,,,273.8225629791894852
H113874426514,3629,23/2/2022,23/2/2029,84,72,11,Consumer,57565.40,50059.31,0.00,2.99,760.36,Monthly,Tier2,New,,Yes,68715.40,96.10,VIC,,2557,,52248441.5440,2022,500000,,,195.5416503715291357
H113895835260,4030,23/2/2022,19/2/2029,84,72,11,Consumer,59382.00,51609.43,0.00,2.99,784.36,Monthly,Tier1,New,,Yes,60032.00,99.14,QLD,,2553,,47086699.5200,2022,500000,,,195.8480219349784567
H113926765767,4300,23/2/2022,23/2/2029,84,72,11,Consumer,72799.00,63598.59,0.00,3.99,994.74,Monthly,Tier1,New,,Yes,78680.00,92.80,QLD,,2557,,78266143.2000,2022,500000,,,195.5416503715291357
H113971800118,2066,23/2/2022,23/2/2027,60,48,11,Consumer,53687.00,48774.71,0.00,2.99,537.51,Monthly,Tier1,New,,Yes,78837.00,73.14,NSW,,1826,,42375675.8700,2022,500000,,,273.8225629791894852
H113996231878,4500,23/2/2022,7/11/2022,84,0,11,Consumer,36183.00,0.00,0.00,2.99,477.93,Monthly,Tier1,New,,Yes,64888.00,60.41,QLD,,257,,31011921.8400,2022,500000,,,1945.5252918287937743
H114071865845,4212,24/2/2022,18/4/2028,72,62,10,Consumer,64755.00,55707.33,0.00,2.99,983.57,Monthly,Tier2,New,,Yes,64850.00,108.11,QLD,,2245,,63784514.5000,2022,500000,,,222.7171492204899777
H114135397283,4217,24/2/2022,31/3/2027,60,49,11,Commercial,74486.00,66164.78,0.00,2.99,936.04,Monthly,TierA,Used,,Yes,74240.00,104.91,QLD,,1861,,69491609.6000,2022,500000,,,268.6727565824825363
H114171118597,3175,24/2/2022,3/4/2029,84,74,10,Consumer,63393.00,55875.60,0.00,2.99,837.34,Monthly,Tier1,New,,Yes,66543.00,105.83,VIC,,2595,,55719115.6200,2022,500000,,,192.6782273603082852
H114180265723,3153,24/2/2022,26/2/2029,84,72,11,Commercial,67144.20,59125.98,0.00,2.99,886.89,Monthly,TierA,New,,Yes,70294.20,107.52,VIC,,2559,,62343223.0380,2022,500000,,,195.3888237592809691
H114234950901,4226,24/2/2022,26/2/2029,84,72,11,Consumer,33225.00,29257.32,0.00,2.99,438.86,Monthly,Tier1,New,,Yes,63333.00,55.47,QLD,,2559,,27794320.3800,2022,500000,,,195.3888237592809691
H114278684953,3174,25/2/2022,22/2/2029,84,72,11,Consumer,63067.00,54816.85,0.00,2.99,833.03,Monthly,Tier1,New,,Yes,63217.00,105.29,VIC,,2554,,52661657.5100,2022,500000,,,195.7713390759592796
H114300678009,4208,25/2/2022,1/3/2027,60,49,11,Consumer,49225.00,44013.75,0.00,2.99,590.29,Monthly,Tier1,New,,Yes,63338.00,82.18,QLD,,1830,,37387788.0200,2022,500000,,,273.2240437158469945
H114303820071,2226,25/2/2022,22/7/2022,84,0,11,Consumer,54649.00,0.00,0.00,2.99,721.84,Monthly,Tier1,New,,Yes,64799.00,89.08,NSW,,147,,46774510.1600,2022,500000,,,3401.3605442176870748
H114335530793,2905,25/2/2022,27/2/2029,84,72,11,Consumer,75705.00,66664.82,0.00,2.99,999.97,Monthly,Tier1,New,,Yes,75855.00,126.39,ACT,,2559,,75852724.3500,2022,500000,,,195.3888237592809691
H114368239733,2150,25/2/2022,27/2/2029,84,72,11,Consumer,56094.00,49395.16,0.00,2.99,740.93,Monthly,Tier1,New,,Yes,66244.00,93.65,NSW,,2559,,49082166.9200,2022,500000,,,195.3888237592809691
H114398309807,2528,25/2/2022,1/3/2027,60,49,11,Commercial,59678.00,49390.02,0.00,2.99,1072.07,Monthly,TierA,New,,Yes,64828.00,99.63,NSW,,1830,,69500153.9600,2022,500000,,,273.2240437158469945
H114449762251,6060,25/2/2022,27/11/2028,84,69,11,Consumer,32863.00,28766.18,0.00,2.99,450.00,Monthly,Tier1,New,,Yes,68213.00,54.86,WA,,2467,,30695850.0000,2022,500000,,,202.6753141467369274
H114463920374,6170,25/2/2022,27/2/2029,84,72,11,Consumer,62014.62,54608.76,0.00,2.99,819.13,Monthly,Tier2,New,,Yes,82164.62,84.49,WA,,2559,,67303505.1806,2022,500000,,,195.3888237592809691
H114466614270,2911,25/2/2022,1/3/2027,60,49,11,Consumer,66489.00,55332.67,0.00,4.28,1232.91,Monthly,Tier1,New,,Yes,78258.20,87.60,ACT,,1830,,96485317.3620,2022,500000,,,273.2240437158469945
H114490789779,3198,25/2/2022,1/3/2027,60,49,11,Consumer,43393.00,38206.95,0.00,2.99,573.59,Monthly,Tier1,New,,Yes,66543.00,72.44,VIC,,1830,,38168399.3700,2022,500000,,,273.2240437158469945
H114497994790,4215,25/2/2022,1/3/2027,60,49,11,Commercial,75029.00,66538.89,0.00,2.99,948.84,Monthly,TierA,New,,Yes,73679.00,125.26,QLD,,1830,,69909582.3600,2022,500000,,,273.2240437158469945
H114503344810,3165,25/2/2022,1/3/2027,60,49,11,Consumer,30000.20,24828.43,0.00,2.99,538.93,Monthly,Tier1,New,,Yes,64984.20,50.08,VIC,,1830,,35021934.9060,2022,500000,,,273.2240437158469945
H114511862951,2768,25/2/2022,10/8/2022,60,0,11,Consumer,63074.00,0.00,0.00,2.99,1133.07,Monthly,Tier1,New,,Yes,63224.00,105.30,NSW,,166,,71637217.6800,2022,500000,,,3012.0481927710843373
H114513266873,2914,25/2/2022,27/2/2029,84,72,11,Consumer,81233.34,71532.29,0.00,2.99,1072.99,Monthly,Tier1,New,,Yes,75855.00,135.61,ACT,,2559,,81391656.4500,2022,500000,,,195.3888237592809691
H114521054769,5066,25/2/2022,1/3/2027,60,49,11,Consumer,55153.00,45645.12,0.00,2.99,990.78,Monthly,Tier1,New,,Yes,66803.00,92.08,SA,,1830,,66187076.3400,2022,500000,,,273.2240437158469945
H114534423832,4124,25/2/2022,27/2/2029,84,72,11,Consumer,45183.00,39787.13,0.00,2.99,596.81,Monthly,Tier1,New,,Yes,66333.00,75.43,QLD,,2559,,39588197.7300,2022,500000,,,195.3888237592809691
H114547992024,2118,26/2/2022,27/2/2029,84,72,11,Consumer,76169.00,67073.34,0.00,2.99,1006.10,Monthly,Tier1,New,,Yes,76169.00,83.71,NSW,,2558,,76633630.9000,2022,500000,,,195.4652071931196247
H114565386898,4505,26/2/2022,27/2/2029,84,72,11,Consumer,63229.00,55678.13,0.00,2.99,835.17,Monthly,Tier1,New,,Yes,63584.00,105.56,QLD,,2558,,53103449.2800,2022,500000,,,195.4652071931196247
H114574853766,4214,27/2/2022,1/3/2027,60,49,11,Commercial,64799.00,57546.12,0.00,2.99,812.32,Monthly,TierA,New,,Yes,64954.00,106.84,QLD,,1828,,52763433.2800,2022,500000,,,273.5229759299781182
H114577327898,3057,27/2/2022,1/3/2027,60,49,11,Consumer,61834.20,54913.31,0.00,2.99,775.14,Monthly,Tier1,New,,Yes,61984.20,103.23,VIC,,1828,,48046432.7880,2022,500000,,,273.5229759299781182
H114600391595,3030,28/2/2022,5/3/2029,84,73,10,Consumer,63338.00,55820.26,0.00,2.99,836.61,Monthly,Tier1,New,,Yes,66453.00,104.43,VIC,,2562,,55595244.3300,2022,500000,,,195.1600312256049961
H114610979369,2153,28/2/2022,1/3/2029,84,73,11,Consumer,50000.00,44041.74,0.00,2.99,660.43,Monthly,Tier1,New,,Yes,67819.00,83.47,NSW,,2558,,44789702.1700,2022,500000,,,195.4652071931196247
H114683363563,4109,28/2/2022,1/3/2027,60,49,11,Consumer,46285.00,41752.81,0.00,2.99,523.07,Monthly,Tier1,New,,Yes,66440.00,76.31,QLD,,1827,,34752770.8000,2022,500000,,,273.6726874657909141
H114718008244,4573,28/2/2022,1/3/2029,84,73,11,Commercial,55000.00,48445.82,0.00,2.99,726.48,Monthly,TierA,New,,Yes,80205.00,74.93,QLD,,2558,,58267328.4000,2022,500000,,,195.4652071931196247
H114739497539,2145,28/2/2022,31/1/2029,84,71,11,Consumer,61954.00,54501.79,0.00,2.99,830.00,Monthly,Tier1,New,,Yes,62989.00,103.43,NSW,,2529,,52280870.0000,2022,500000,,,197.7066034005535785
H114763353419,3106,28/2/2022,1/3/2027,60,49,11,Consumer,45261.00,41729.15,0.00,2.99,430.69,Monthly,Tier1,New,,Yes,70611.00,75.56,VIC,,1827,,30411451.5900,2022,500000,,,273.6726874657909141
H114775726555,3134,1/3/2022,2/3/2026,48,37,10,Consumer,25000.00,19536.49,0.00,2.99,553.24,Monthly,Tier1,New,,Yes,65109.20,41.22,VIC,,1462,,36021013.8080,2022,500000,,,341.9972640218878249
H114776255736,2620,1/3/2022,1/3/2027,60,49,10,Consumer,54399.00,45034.60,0.00,2.99,977.23,Monthly,Tier1,New,,Yes,64556.00,90.82,NSW,,1826,,63086059.8800,2022,500000,,,273.8225629791894852
H114811584408,6004,1/3/2022,2/3/2026,48,37,10,Consumer,41252.62,32237.20,0.00,2.99,912.91,Monthly,Tier1,New,,Yes,66402.62,68.87,WA,,1462,,60619615.8242,2022,500000,,,341.9972640218878249
H114827349808,6173,1/3/2022,1/3/2029,84,73,10,Consumer,81014.62,71359.87,0.00,2.99,1070.10,Monthly,Tier2,New,,Yes,82164.62,110.37,WA,,2557,,87924359.8620,2022,500000,,,195.5416503715291357
H114838301583,2088,1/3/2022,2/3/2026,48,37,10,Consumer,80269.00,69763.31,0.00,2.99,1144.62,Monthly,Tier1,New,,Yes,80419.00,109.36,NSW,,1462,,92049195.7800,2022,500000,,,341.9972640218878249
H114843555476,3131,1/3/2022,3/3/2025,36,25,10,Consumer,68110.20,52611.73,0.00,2.99,1562.34,Monthly,Tier1,New,,Yes,78630.00,113.71,VIC,,1098,,122846794.2000,2022,500000,,,455.3734061930783242
H114844585092,2145,1/3/2022,1/6/2028,84,64,10,Consumer,67669.00,58423.23,0.00,2.99,1000.00,Monthly,Tier1,New,,Yes,67819.00,112.97,NSW,,2284,,67819000.0000,2022,500000,,,218.9141856392294221
H114875223067,6061,1/3/2022,1/3/2024,24,13,10,Consumer,49965.62,36455.87,0.00,2.99,1338.26,Monthly,Tier1,New,,Yes,66615.62,83.42,WA,,731,,89149019.6212,2022,500000,,,683.9945280437756498
H114916514317,2156,1/3/2022,3/1/2023,84,0,10,Consumer,66094.00,0.00,0.00,2.99,873.02,Monthly,Tier1,New,,Yes,66244.00,110.34,NSW,,308,,57832336.8800,2022,500000,,,1623.3766233766233766
H114925006627,2117,1/3/2022,1/3/2028,72,61,10,Consumer,67564.00,58021.74,0.00,2.99,1026.24,Monthly,Tier1,New,,Yes,67714.00,110.13,NSW,,2192,,69490815.3600,2022,500000,,,228.1021897810218978
H114929387537,3150,1/3/2022,1/3/2029,84,73,10,Consumer,63358.00,55807.41,0.00,2.99,836.88,Monthly,Tier1,New,,Yes,66508.00,105.77,VIC,,2557,,55659215.0400,2022,500000,,,195.5416503715291357
H114931721984,3107,1/3/2022,3/3/2025,36,25,10,Consumer,21834.20,15373.02,0.00,2.99,634.86,Monthly,Tier1,New,,Yes,61984.20,36.45,VIC,,1098,,39351289.2120,2022,500000,,,455.3734061930783242
H114953300826,6063,2/3/2022,2/11/2026,84,45,10,Consumer,90000.00,50043.59,0.00,2.99,1188.79,Monthly,Tier1,New,,Yes,115263.76,103.76,WA,,1706,,137024405.2504,2022,500000,,,293.0832356389214537
H114970030413,4101,2/3/2022,17/2/2026,48,36,11,Consumer,44760.00,33901.20,0.00,2.99,1000.00,Monthly,Tier1,New,,Yes,64910.00,74.72,QLD,,1448,,64910000.0000,2022,500000,,,345.3038674033149171
H114986158323,4011,2/3/2022,2/3/2027,60,49,10,Consumer,78488.00,69720.38,0.00,2.99,984.12,Monthly,Tier2,New,,Yes,78638.00,106.93,QLD,,1826,,77389228.5600,2022,500000,,,273.8225629791894852
H115053201671,6019,2/3/2022,16/3/2027,60,49,10,Consumer,34227.62,28375.82,0.00,2.99,614.87,Monthly,Tier1,New,,Yes,82377.62,46.63,WA,,1840,,50651527.2094,2022,500000,,,271.7391304347826087
H115124533642,4215,3/3/2022,3/3/2027,60,49,10,Commercial,43269.00,38551.29,0.00,2.99,532.14,Monthly,TierB,New,,Yes,63377.00,72.24,QLD,,1826,,33725436.7800,2022,500000,,,273.8225629791894852
H115145053467,3142,3/3/2022,3/3/2027,60,49,10,Consumer,32739.00,27739.28,0.00,8.45,670.90,Monthly,Tier2,Used,,Yes,50750.00,64.94,VIC,,1826,,34048175.0000,2022,500000,,,273.8225629791894852
H115159714108,2197,3/3/2022,3/3/2027,60,49,10,Commercial,30039.00,25243.58,0.00,6.46,587.18,Monthly,TierA,Used,,No,29000.00,116.70,NSW,,1826,,17028220.0000,2022,500000,,,273.8225629791894852
H115180627253,4551,3/3/2022,3/3/2027,60,49,10,Consumer,78525.00,65007.54,0.00,2.99,1410.64,Monthly,Tier1,New,,Yes,78675.00,103.87,QLD,,1826,,110982102.0000,2022,500000,,,273.8225629791894852
H115185888320,2041,3/3/2022,3/3/2027,60,49,10,Consumer,65339.00,54266.21,0.00,3.72,1195.07,Monthly,Tier1,New,,Yes,65290.00,130.70,NSW,,1826,,78026120.3000,2022,500000,,,273.8225629791894852
H115216625835,2482,3/3/2022,3/3/2027,60,49,10,Commercial,36489.00,30683.14,0.00,6.61,715.83,Monthly,TierA,Used,,No,48890.00,88.14,NSW,,1826,,34996928.7000,2022,500000,,,273.8225629791894852
H115227496951,4215,3/3/2022,20/7/2022,60,0,10,Commercial,34073.00,0.00,0.00,8.25,694.96,Monthly,TierC,Used,,No,35000.00,130.00,QLD,,139,,24323600.0000,2022,500000,,,3597.1223021582733813
H115230071699,6153,3/3/2022,5/3/2029,84,73,10,Consumer,80630.12,71021.25,0.00,2.99,1065.02,Monthly,Tier1,New,,Yes,80780.12,109.85,WA,,2559,,86032443.4024,2022,500000,,,195.3888237592809691
H115283790888,3006,4/3/2022,6/3/2029,84,73,10,Consumer,31024.00,27887.59,0.00,7.95,482.77,Monthly,Tier3,Used,,No,44000.00,78.11,VIC,,2559,,21241880.0000,2022,500000,,,195.3888237592809691
H115284647054,4120,4/3/2022,8/3/2027,60,49,10,Consumer,24202.30,20547.21,0.00,8.95,501.81,Monthly,Tier2,Used,,No,28713.30,100.93,QLD,,1830,,14408621.0730,2022,500000,,,273.2240437158469945
H115292034421,2283,4/3/2022,3/2/2023,84,0,10,Consumer,37739.00,0.00,0.00,6.08,552.76,Monthly,Tier2,New,,No,36450.00,93.13,NSW,,336,,20148102.0000,2022,500000,,,1488.0952380952380952
H115293515303,7005,4/3/2022,6/9/2028,78,67,10,Consumer,23989.00,21310.61,0.00,7.85,393.64,Monthly,Tier1,Used,,No,26000.00,86.78,TAS,,2378,,10234640.0000,2022,500000,,,210.2607232968881413
H115294795485,2147,4/3/2022,8/3/2027,60,49,10,Consumer,44642.00,37597.76,0.00,6.99,883.75,Monthly,Tier1,Used,,No,65000.00,70.16,NSW,,1830,,57443750.0000,2022,500000,,,273.2240437158469945
H115296561641,4575,4/3/2022,6/3/2029,84,73,10,Consumer,34423.00,30804.53,0.00,6.79,516.00,Monthly,Tier1,Used,,No,34999.00,121.46,QLD,,2559,,18059484.0000,2022,500000,,,195.3888237592809691
H115297302387,4074,4/3/2022,8/3/2027,60,49,10,Commercial,39455.30,35156.46,0.00,4.50,532.51,Monthly,TierB,New,,No,38956.30,108.19,QLD,,1830,,20744619.3130,2022,500000,,,273.2240437158469945
H115300973335,3977,4/3/2022,21/12/2022,84,0,10,Consumer,24305.00,0.00,0.00,8.25,381.85,Monthly,Tier2,Used,,No,23316.00,105.77,VIC,,292,,8903214.6000,2022,500000,,,1712.3287671232876712
H115303937820,2206,4/3/2022,27/6/2022,48,0,10,Consumer,55479.00,0.00,0.00,4.99,1277.39,Monthly,Tier1,Used,,No,64990.00,85.09,NSW,,115,,83017576.1000,2022,500000,,,4347.8260869565217391
H115304382183,3756,4/3/2022,8/2/2023,60,0,10,Consumer,25972.00,0.00,24748.76,6.25,505.13,Monthly,Tier1,Used,,No,24983.00,110.43,VIC,,341,,12619662.7900,2022,500000,,,1466.2756598240469208
H115306351063,3910,4/3/2022,6/3/2025,36,25,10,Consumer,8923.00,6436.11,0.00,8.45,281.47,Monthly,Tier1,Used,,No,14300.00,114.40,VIC,,1098,,4025021.0000,2022,500000,,,455.3734061930783242
H115307200739,3085,4/3/2022,14/6/2022,84,0,10,Consumer,40139.00,0.00,0.00,5.99,586.18,Monthly,Tier1,New,,No,47650.00,104.28,VIC,,102,,27931477.0000,2022,500000,,,4901.9607843137254902
H115308111655,3630,4/3/2022,8/3/2027,60,49,10,Consumer,74629.24,62590.42,0.00,5.99,1442.44,Monthly,Tier1,New,,No,72990.00,106.31,VIC,,1830,,105283695.6000,2022,500000,,,273.2240437158469945
H115309679277,5052,4/3/2022,8/3/2027,60,49,10,Consumer,27549.00,23284.43,0.00,7.85,556.61,Monthly,Tier1,Used,,No,25700.00,104.35,SA,,1830,,14304877.0000,2022,500000,,,273.2240437158469945
H115310723867,5371,4/3/2022,6/3/2029,84,73,10,Consumer,39400.40,35137.18,0.00,5.94,574.45,Monthly,Tier2,New,,No,39131.40,119.43,SA,,2559,,22479032.7300,2022,500000,,,195.3888237592809691
H115311294646,5271,4/3/2022,8/4/2024,60,14,10,Consumer,72319.00,18103.98,0.00,4.50,1348.24,Monthly,Tier1,New,,No,71820.00,107.09,SA,,766,,96830596.8000,2022,500000,,,652.7415143603133159
H115313484027,2141,4/3/2022,6/3/2029,84,73,10,Consumer,36489.00,32414.41,0.00,4.99,515.56,Monthly,Tier1,New,,No,36000.00,113.36,NSW,,2559,,18560160.0000,2022,500000,,,195.3888237592809691
H115315557670,3204,4/3/2022,15/8/2022,84,0,10,Consumer,61102.04,0.00,0.00,5.49,877.74,Monthly,Tier1,Used,,Yes,59853.04,105.53,VIC,,164,,52535407.3296,2022,500000,,,3048.7804878048780488
H115316952311,2018,4/3/2022,12/12/2022,84,0,10,Consumer,28039.00,0.00,0.00,7.95,436.32,Monthly,Tier2,Used,,No,32500.00,101.74,NSW,,283,,14180400.0000,2022,500000,,,1766.7844522968197880
H115318240825,3030,4/3/2022,7/4/2022,84,84,0,Consumer,90999.00,0.00,0.00,4.95,1284.03,Monthly,Tier2,New,,No,100000.00,120.02,VIC,,34,,128403000.0000,2022,500000,,,14705.882352941176
H115321917582,2611,4/3/2022,8/3/2027,60,49,10,Consumer,95369.00,85489.90,0.00,6.85,1420.93,Monthly,Tier2,Used,,No,93880.00,136.64,ACT,,1830,,133396908.4000,2022,500000,,,273.2240437158469945
H115322365892,5041,4/3/2022,15/3/2029,84,73,10,Consumer,28489.00,25770.93,0.00,8.95,457.63,Monthly,Tier2,Used,,No,27600.00,118.70,SA,,2568,,12630588.0000,2022,500000,,,194.7040498442367601
H115323712827,4560,4/3/2022,6/3/2029,84,73,10,Consumer,81489.00,72241.69,0.00,4.50,1132.71,Monthly,Tier1,New,,No,167823.00,54.51,QLD,,2559,,190094790.3300,2022,500000,,,195.3888237592809691
H115325278992,4562,4/3/2022,28/11/2022,60,0,10,Consumer,24319.00,0.00,0.00,7.85,491.35,Monthly,Tier1,Used,,No,23500.00,124.71,QLD,,269,,11546725.0000,2022,500000,,,1858.7360594795539033
H115326145674,2011,4/3/2022,7/11/2022,60,0,10,Consumer,100499.00,0.00,0.00,4.29,1099.81,Monthly,Tier1,Used,,No,232000.00,51.21,NSW,,248,,255155920.0000,2022,500000,,,2016.1290322580645161
H115327298490,2720,4/3/2022,6/3/2029,84,73,10,Consumer,41089.00,36491.74,0.00,4.93,579.39,Monthly,Tier1,New,,No,71200.00,68.57,NSW,,2559,,41252568.0000,2022,500000,,,195.3888237592809691
H115330959879,3044,4/3/2022,8/9/2025,42,31,10,Consumer,49998.00,37748.68,0.00,4.99,1299.87,Monthly,Tier1,New,,No,49500.00,115.76,VIC,,1284,,64343565.0000,2022,500000,,,389.4080996884735202
H115331640450,2541,4/3/2022,22/3/2027,60,49,10,Consumer,38644.00,33005.18,0.00,9.49,811.40,Monthly,Tier3,Used,,No,65000.00,70.01,NSW,,1844,,52741000.0000,2022,500000,,,271.1496746203904555
H115334625646,2212,4/3/2022,6/3/2029,84,73,10,Consumer,20349.00,18150.87,0.00,5.99,297.17,Monthly,Tier1,Used,,No,25000.00,94.47,NSW,,2559,,7429250.0000,2022,500000,,,195.3888237592809691
H115336151462,2850,4/3/2022,6/3/2026,48,37,10,Consumer,22489.00,17807.79,0.00,5.99,528.05,Monthly,Tier1,New,,No,21500.00,120.01,NSW,,1463,,11353075.0000,2022,500000,,,341.7634996582365003
H115340344327,4006,4/3/2022,16/3/2027,60,49,10,Consumer,21989.00,18726.59,0.00,8.95,455.92,Monthly,Tier1,Used,,No,20500.00,117.09,QLD,,1838,,9346360.0000,2022,500000,,,272.0348204570184984
H115341128840,2754,4/3/2022,8/3/2027,60,49,10,Consumer,26049.00,21824.76,0.00,5.75,500.57,Monthly,Tier1,New,,No,37000.00,93.74,NSW,,1830,,18521090.0000,2022,500000,,,273.2240437158469945
H115342499634,4702,4/3/2022,6/3/2029,84,73,10,Consumer,46049.00,40881.49,0.00,4.84,647.39,Monthly,Tier1,Used,,No,66000.00,73.91,QLD,,2559,,42727740.0000,2022,500000,,,195.3888237592809691
H115344449590,4115,4/3/2022,8/3/2027,60,49,10,Consumer,43866.00,36680.48,0.00,5.29,833.64,Monthly,Tier2,New,,No,54217.00,88.85,QLD,,1830,,45197459.8800,2022,500000,,,273.2240437158469945
H115345692926,2763,4/3/2022,6/3/2029,84,73,10,Consumer,56104.00,49417.73,0.00,2.99,741.06,Monthly,Tier1,New,,Yes,66454.00,92.50,NSW,,2559,,49246401.2400,2022,500000,,,195.3888237592809691
H115346064688,3754,4/3/2022,6/3/2029,84,73,10,Consumer,49599.00,44663.21,0.00,7.95,771.82,Monthly,Tier2,Used,,No,52888.00,106.21,VIC,,2559,,40820016.1600,2022,500000,,,195.3888237592809691
H115349732746,3024,4/3/2022,8/3/2027,60,49,10,Consumer,57159.00,47685.25,0.00,4.75,1072.12,Monthly,Tier2,New,,No,57000.00,110.67,VIC,,1830,,61110840.0000,2022,500000,,,273.2240437158469945
H115350384809,2620,4/3/2022,6/3/2026,48,37,10,Consumer,62703.41,49340.63,0.00,4.55,1431.26,Monthly,Tier1,New,,No,61909.00,119.23,NSW,,1463,,88607875.3400,2022,500000,,,341.7634996582365003
H115353882050,4220,4/3/2022,7/8/2023,36,6,10,Commercial,19489.00,3387.50,0.00,7.51,606.31,Monthly,TierA,Used,,No,28000.00,100.46,QLD,,521,,16976680.0000,2022,500000,,,959.6928982725527831
H115355257569,2831,4/3/2022,13/1/2023,60,0,10,Consumer,38379.00,0.00,0.00,3.99,706.63,Monthly,Tier1,New,,No,61890.00,62.01,NSW,,315,,43733330.7000,2022,500000,,,1587.3015873015873016
H115358295722,6035,4/3/2022,8/3/2027,60,49,10,Commercial,72597.00,60598.42,0.00,4.88,1366.00,Monthly,TierA,Used,,No,80898.00,103.71,WA,,1830,,110506668.0000,2022,500000,,,273.2240437158469945
H115359462248,3024,4/3/2022,8/3/2027,60,49,10,Consumer,61379.00,51037.04,0.00,3.99,1130.11,Monthly,Tier1,New,,No,71300.00,90.95,VIC,,1830,,80576843.0000,2022,500000,,,273.2240437158469945
H115360211651,4101,4/3/2022,6/3/2029,84,73,10,Consumer,27159.00,24255.04,0.00,6.29,400.54,Monthly,Tier1,Used,,No,28790.01,127.33,QLD,,2559,,11531550.6054,2022,500000,,,195.3888237592809691
H115366815419,3754,4/3/2022,6/3/2029,84,73,10,Consumer,35539.00,31789.15,0.00,6.69,531.00,Monthly,Tier1,Used,,No,35250.00,84.96,VIC,,2559,,18717750.0000,2022,500000,,,195.3888237592809691
H115367822691,4012,4/3/2022,6/3/2029,84,73,10,Consumer,20990.00,18606.63,0.00,4.48,291.56,Monthly,Tier1,Used,,No,23990.00,89.32,QLD,,2559,,6994524.4000,2022,500000,,,195.3888237592809691
H115371158887,3336,4/3/2022,6/3/2029,84,73,10,Consumer,49049.00,44091.59,0.00,7.95,763.26,Monthly,Tier2,Used,,No,48399.00,125.77,VIC,,2559,,36941020.7400,2022,500000,,,195.3888237592809691
H115372605228,2500,4/3/2022,6/3/2029,84,73,10,Consumer,36489.00,32475.94,0.00,5.45,523.48,Monthly,Tier2,New,,No,39300.00,92.40,NSW,,2559,,20572764.0000,2022,500000,,,195.3888237592809691
H115375958873,2250,4/3/2022,8/3/2027,60,49,10,Consumer,44301.00,36674.69,0.00,2.99,795.83,Monthly,Tier1,New,,Yes,64451.00,73.96,NSW,,1830,,51292039.3300,2022,500000,,,273.2240437158469945
H115377108896,3977,4/3/2022,6/3/2029,84,73,10,Consumer,73999.00,65806.54,0.00,5.25,1054.60,Monthly,Tier1,New,,No,82750.00,91.18,VIC,,2559,,87268150.0000,2022,500000,,,195.3888237592809691
H115381705596,2765,4/3/2022,19/3/2029,84,73,10,Consumer,67048.00,59119.64,0.00,2.99,885.62,Monthly,Tier2,New,,Yes,67198.00,111.93,NSW,,2572,,59511892.7600,2022,500000,,,194.4012441679626750
H115385285576,4671,4/3/2022,8/3/2027,60,49,10,Consumer,18174.00,15398.35,0.00,8.45,372.42,Monthly,Tier1,Used,,No,16000.00,108.18,QLD,,1830,,5958720.0000,2022,500000,,,273.2240437158469945
H115387476398,4887,4/3/2022,19/3/2029,84,73,10,Consumer,89689.00,80555.32,0.00,6.94,1351.01,Monthly,Tier2,New,,No,89200.00,108.73,QLD,,2572,,120510092.0000,2022,500000,,,194.4012441679626750
H115392492709,4216,4/3/2022,6/3/2028,72,61,10,Consumer,106099.00,92442.83,0.00,6.40,1778.46,Monthly,Tier1,Used,,No,105000.00,129.39,QLD,,2194,,186738300.0000,2022,500000,,,227.8942570647219690
H115393400183,3095,4/3/2022,8/3/2027,60,49,10,Consumer,87384.01,72662.19,0.00,3.99,1608.91,Monthly,Tier1,New,,No,85895.01,120.70,VIC,,1830,,138197340.5391,2022,500000,,,273.2240437158469945
H115394031974,7250,4/3/2022,8/3/2027,60,49,10,Consumer,25479.00,21631.14,0.00,8.95,528.28,Monthly,Tier1,Used,,No,23990.00,120.18,TAS,,1830,,12673437.2000,2022,500000,,,273.2240437158469945
H115395684146,3196,4/3/2022,8/3/2027,60,49,10,Commercial,21059.00,17853.42,0.00,8.60,433.07,Monthly,TierB,Used,,No,28990.00,89.92,VIC,,1830,,12554699.3000,2022,500000,,,273.2240437158469945
H115398416239,3199,4/3/2022,8/3/2027,60,49,10,Consumer,42389.01,37714.43,0.00,4.50,577.11,Monthly,Tier1,New,,No,40890.01,113.67,VIC,,1830,,23598033.6711,2022,500000,,,273.2240437158469945
H115400913143,4101,4/3/2022,6/3/2029,84,73,10,Commercial,50000.00,44041.25,0.00,2.99,660.43,Monthly,TierA,New,,Yes,66335.00,83.47,QLD,,2559,,43809624.0500,2022,500000,,,195.3888237592809691
H115401717943,5165,4/3/2022,8/3/2027,60,49,10,Consumer,35297.00,31117.51,0.00,3.99,491.85,Monthly,Tier1,New,,No,34918.00,116.15,SA,,1830,,17174418.3000,2022,500000,,,273.2240437158469945
H115407633662,4509,4/3/2022,8/3/2027,60,49,10,Consumer,30939.00,26213.61,0.00,8.45,634.01,Monthly,Tier1,Used,,No,30000.00,105.59,QLD,,1830,,19020300.0000,2022,500000,,,273.2240437158469945
H115408285487,3003,4/3/2022,6/3/2029,84,73,10,Consumer,40891.28,36451.96,0.00,5.84,594.23,Monthly,Tier1,Used,,No,39352.28,81.62,VIC,,2559,,23384305.3444,2022,500000,,,195.3888237592809691
H115410723534,4170,4/3/2022,1/3/2027,60,49,10,Consumer,17539.00,15112.28,0.00,8.45,370.00,Monthly,Tier1,Used,,No,16000.00,91.70,QLD,,1823,,5920000.0000,2022,500000,,,274.2731760833790455
H115412849091,4505,4/3/2022,6/3/2029,84,73,10,Consumer,61182.60,55102.92,0.00,7.99,953.30,Monthly,Tier1,Used,,No,59583.60,109.25,QLD,,2559,,56801045.8800,2022,500000,,,195.3888237592809691
H115413219924,3976,4/3/2022,8/3/2027,60,49,10,Consumer,31745.00,26608.34,0.00,5.85,611.50,Monthly,Tier1,Used,,No,33500.00,113.13,VIC,,1830,,20485250.0000,2022,500000,,,273.2240437158469945
H115415060620,2570,4/3/2022,6/3/2029,84,73,10,Consumer,38187.00,34392.13,0.00,8.45,603.78,Monthly,Tier1,Used,,No,40688.00,94.66,NSW,,2559,,24566600.6400,2022,500000,,,195.3888237592809691
H115417892978,4215,4/3/2022,6/3/2029,84,73,10,Consumer,23049.00,20641.55,0.00,6.99,347.75,Monthly,Tier1,Used,,No,22990.00,110.34,QLD,,2559,,7994772.5000,2022,500000,,,195.3888237592809691
H115418651169,4212,4/3/2022,8/3/2027,60,49,10,Commercial,43989.00,36658.47,0.00,4.50,820.08,Monthly,TierA,Used,,Yes,41990.00,112.33,QLD,,1830,,34435159.2000,2022,500000,,,273.2240437158469945
H115425666654,6030,4/3/2022,6/3/2029,84,73,10,Consumer,53886.31,48039.58,0.00,5.95,785.91,Monthly,Tier2,Used,,No,52897.31,130.60,WA,,2559,,41572524.9021,2022,500000,,,195.3888237592809691
H115427604278,3429,4/3/2022,11/12/2028,84,70,10,Consumer,68379.00,60242.91,0.00,4.50,990.10,Monthly,Tier1,Used,,No,68880.00,130.25,VIC,,2474,,68198088.0000,2022,500000,,,202.1018593371059014
H115433743915,6170,4/3/2022,24/1/2023,60,0,10,Consumer,66099.00,0.00,0.00,5.03,1248.27,Monthly,Tier1,Used,,Yes,66000.00,121.28,WA,,326,,82385820.0000,2022,500000,,,1533.7423312883435583
H115435163649,3101,4/3/2022,8/3/2027,60,49,10,Consumer,39894.00,33381.85,0.00,5.45,761.10,Monthly,Tier2,New,,No,40645.00,107.56,VIC,,1830,,30934909.5000,2022,500000,,,273.2240437158469945
H115436858269,4213,4/3/2022,8/3/2027,60,49,10,Consumer,69419.00,61824.38,0.00,4.45,936.92,Monthly,Tier1,New,,No,68150.00,133.05,QLD,,1830,,63851098.0000,2022,500000,,,273.2240437158469945
H115438892920,2066,4/3/2022,6/3/2029,84,73,10,Consumer,50000.00,44041.25,0.00,2.99,660.43,Monthly,Tier1,New,,Yes,64958.00,83.47,NSW,,2559,,42900211.9400,2022,500000,,,195.3888237592809691
H115439049579,4215,4/3/2022,6/3/2029,84,73,10,Consumer,52719.00,46737.83,0.00,4.50,732.80,Monthly,Tier1,New,,No,52230.00,104.83,QLD,,2559,,38274144.0000,2022,500000,,,195.3888237592809691
H115442150394,3167,4/3/2022,16/11/2022,84,0,10,Commercial,83429.00,0.00,0.00,6.44,1236.45,Monthly,TierA,Used,,No,108000.00,100.11,VIC,,257,,133536600.0000,2022,500000,,,1945.5252918287937743
H115443169136,3124,4/3/2022,6/3/2029,84,73,10,Consumer,71989.00,64176.24,0.00,5.85,1046.48,Monthly,Tier1,Used,,No,88000.00,87.83,VIC,,2559,,92090240.0000,2022,500000,,,195.3888237592809691
H115444029187,4216,4/3/2022,7/11/2022,84,0,10,Commercial,67549.00,0.00,0.00,6.84,1014.22,Monthly,TierB,Used,,No,80000.00,87.82,QLD,,248,,81137600.0000,2022,500000,,,2016.1290322580645161
H115446971547,4570,4/3/2022,8/1/2029,84,71,10,Consumer,31514.00,28333.83,0.00,8.95,520.00,Monthly,Tier3,Used,,No,39000.00,92.36,QLD,,2502,,20280000.0000,2022,500000,,,199.8401278976818545
H115448383381,2760,4/3/2022,6/3/2029,84,73,10,Consumer,28918.00,25994.47,0.00,7.95,450.00,Monthly,Tier3,Used,,No,27929.00,113.40,NSW,,2559,,12568050.0000,2022,500000,,,195.3888237592809691
H115449678746,2035,4/3/2022,6/3/2029,84,73,10,Consumer,49489.00,44143.14,0.00,5.99,722.72,Monthly,Tier1,New,,No,54000.00,92.75,NSW,,2559,,39026880.0000,2022,500000,,,195.3888237592809691
H115453650391,4818,4/3/2022,6/3/2029,84,73,10,Consumer,65699.00,58243.61,0.00,4.50,913.22,Monthly,Tier1,New,,No,66413.75,101.72,QLD,,2559,,60650364.7750,2022,500000,,,195.3888237592809691
H115457448651,6164,4/3/2022,5/8/2022,60,0,10,Consumer,64000.00,0.00,0.00,2.99,943.57,Monthly,Tier1,New,,Yes,66615.62,106.84,WA,,154,,62856500.5634,2022,500000,,,3246.7532467532467532
H115459698607,4210,4/3/2022,6/3/2029,84,73,10,Consumer,36489.00,32673.21,0.00,6.95,549.82,Monthly,Tier1,Used,,No,60633.00,87.61,QLD,,2559,,33337236.0600,2022,500000,,,195.3888237592809691
H115463559046,2701,4/3/2022,6/3/2029,84,73,10,Consumer,41291.00,36605.35,0.00,4.50,573.95,Monthly,Tier1,New,,No,40724.27,108.83,NSW,,2559,,23373694.7665,2022,500000,,,195.3888237592809691
H115464650627,6055,4/3/2022,6/3/2029,84,73,10,Consumer,36489.00,32787.42,0.00,7.85,566.00,Monthly,Tier1,Used,,No,31850.00,128.30,WA,,2559,,18027100.0000,2022,500000,,,195.3888237592809691
H115467566098,2337,4/3/2022,6/3/2029,84,73,10,Consumer,60539.00,54185.52,0.00,6.85,909.26,Monthly,Tier1,Used,,No,59000.00,113.11,NSW,,2559,,53646340.0000,2022,500000,,,195.3888237592809691
H115469910181,3750,4/3/2022,4/3/2027,60,49,10,Consumer,25549.00,21331.53,0.00,4.95,481.55,Monthly,Tier2,New,,No,35250.00,80.09,VIC,,1826,,16974637.5000,2022,500000,,,273.8225629791894852
H115473585714,2560,4/3/2022,8/3/2027,60,49,10,Consumer,81489.00,67909.15,0.00,4.50,1519.20,Monthly,Tier1,New,,No,89750.00,109.27,NSW,,1830,,136348200.0000,2022,500000,,,273.2240437158469945
H115474942953,4869,4/3/2022,6/3/2029,84,73,10,Consumer,52209.00,46617.74,0.00,6.24,768.71,Monthly,Tier1,Used,,No,52000.00,107.38,QLD,,2559,,39972920.0000,2022,500000,,,195.3888237592809691
H115480013212,2560,4/3/2022,8/3/2027,60,49,10,Consumer,25437.00,21396.42,0.00,6.69,499.97,Monthly,Tier1,Used,,No,30888.00,94.28,NSW,,1830,,15443073.3600,2022,500000,,,273.2240437158469945
H115487725614,4165,4/3/2022,8/3/2027,60,49,10,Consumer,21249.00,18182.91,0.00,10.95,461.47,Monthly,Tier3,Used,,No,19500.00,114.86,QLD,,1830,,8998665.0000,2022,500000,,,273.2240437158469945
H115488712811,4227,5/3/2022,8/3/2027,60,49,10,Consumer,24929.00,20729.03,0.00,3.99,458.99,Monthly,Tier1,New,,No,23990.00,118.77,QLD,,1829,,11011170.1000,2022,500000,,,273.3734281027884090
H115490545643,2216,5/3/2022,8/3/2027,60,49,10,Consumer,13609.00,11413.74,0.00,5.99,263.03,Monthly,Tier1,New,,No,50252.00,33.69,NSW,,1829,,13217783.5600,2022,500000,,,273.3734281027884090
H115496712433,3024,5/3/2022,6/3/2029,84,73,10,Consumer,36469.00,32705.92,0.00,7.35,556.67,Monthly,Tier2,Used,,No,34980.00,107.39,VIC,,2558,,19472316.6000,2022,500000,,,195.4652071931196247
H115511042212,4877,6/3/2022,18/12/2028,84,70,10,Consumer,11489.00,10221.01,0.00,6.95,180.00,Monthly,Tier2,Used,,No,16000.00,85.67,QLD,,2479,,2880000.0000,2022,500000,,,201.6942315449778136
H115576050793,2127,7/3/2022,7/3/2029,84,73,10,Consumer,57451.00,50604.34,0.00,2.99,758.85,Monthly,Tier1,New,,Yes,64601.00,95.91,NSW,,2557,,49022468.8500,2022,500000,,,195.5416503715291357
H115586122852,3162,7/3/2022,8/3/2027,60,49,10,Consumer,63331.60,56511.50,0.00,3.99,821.82,Monthly,Tier1,New,,Yes,65192.60,94.95,VIC,,1827,,53576582.5320,2022,500000,,,273.6726874657909141
H115638539912,5011,7/3/2022,7/3/2029,84,73,10,Consumer,44365.00,39077.89,0.00,2.99,586.00,Monthly,Tier2,New,,Yes,64515.00,74.07,SA,,2557,,37805790.0000,2022,500000,,,195.5416503715291357
H115765120146,6110,8/3/2022,18/9/2028,78,67,10,Consumer,65206.12,56815.45,0.00,2.99,920.87,Monthly,Tier1,New,,Yes,70556.12,106.90,WA,,2386,,64973014.2244,2022,500000,,,209.5557418273260687
H115797810456,4068,8/3/2022,8/3/2029,84,73,10,Consumer,63229.00,55693.71,0.00,2.99,835.17,Monthly,Tier2,New,,Yes,63579.00,105.56,QLD,,2557,,53099273.4300,2022,500000,,,195.5416503715291357
H115834752767,6061,8/3/2022,8/3/2029,84,73,10,Consumer,64788.25,57067.07,0.00,2.99,855.77,Monthly,Tier1,New,,Yes,64938.25,108.16,WA,,2557,,55572206.2025,2022,500000,,,195.5416503715291357
H115846293064,6000,8/3/2022,8/3/2027,60,49,10,Commercial,82227.62,68072.47,0.00,2.99,1477.15,Monthly,TierA,New,,Yes,82377.62,112.03,WA,,1826,,121684101.3830,2022,500000,,,273.8225629791894852
H115853910082,4030,8/3/2022,8/3/2027,60,49,10,Consumer,50000.00,41393.91,0.00,2.99,898.21,Monthly,Tier1,New,,Yes,64905.00,83.47,QLD,,1826,,58298320.0500,2022,500000,,,273.8225629791894852
H115978747808,6112,9/3/2022,18/2/2027,60,48,11,Consumer,63825.12,51716.30,0.00,2.99,1146.57,Monthly,Tier1,New,,Yes,83975.12,86.96,WA,,1807,,96283353.3384,2022,500000,,,276.7017155506364139
H116061641202,6027,9/3/2022,2/7/2029,84,77,10,Consumer,25086.00,23617.99,0.00,7.95,390.37,Monthly,Tier2,Used,,No,34888.00,71.07,WA,,2672,,13619228.5600,2022,500000,,,187.1257485029940120
H116062828064,2761,10/3/2022,10/3/2027,60,49,10,Consumer,59522.00,52629.85,0.00,2.99,768.14,Monthly,Tier1,New,,Yes,64872.00,99.37,NSW,,1826,,49830778.0800,2022,500000,,,273.8225629791894852
H116065627048,4563,10/3/2022,11/1/2027,60,47,10,Consumer,31225.00,25352.69,0.00,7.99,632.98,Monthly,Tier3,New,,No,31736.00,95.72,QLD,,1768,,20088253.2800,2022,500000,,,282.8054298642533937
H116066826945,2232,10/3/2022,12/3/2029,84,73,10,Consumer,39339.00,35576.39,0.00,9.55,643.96,Monthly,Tier2,Used,,No,39708.00,132.90,NSW,,2559,,25570363.6800,2022,500000,,,195.3888237592809691
H116067969899,5355,10/3/2022,6/2/2023,36,0,10,Consumer,25489.00,0.00,0.00,10.95,833.87,Monthly,Tier3,Used,,No,28009.00,111.31,SA,,333,,23355864.8300,2022,500000,,,1501.5015015015015015
H116070647597,3064,10/3/2022,16/3/2027,60,49,10,Consumer,27119.00,22570.08,0.00,4.50,510.10,Monthly,Tier1,New,,No,38130.00,90.43,VIC,,1832,,19450113.0000,2022,500000,,,272.9257641921397380
H116071246394,2399,10/3/2022,12/3/2029,84,73,10,Consumer,78038.43,69672.53,0.00,5.99,1139.65,Monthly,Tier2,New,,No,76549.43,114.99,NSW,,2559,,87239557.8995,2022,500000,,,195.3888237592809691
H116073409201,4032,10/3/2022,23/8/2022,60,0,10,Consumer,29016.05,0.00,0.00,8.15,590.42,Monthly,Tier1,Used,,No,27122.05,131.21,QLD,,166,,16013400.7610,2022,500000,,,3012.0481927710843373
H116074801490,6031,10/3/2022,12/3/2029,84,73,10,Consumer,32039.00,28837.46,0.00,7.85,496.97,Monthly,Tier1,Used,,No,30240.00,116.93,WA,,2559,,15028372.8000,2022,500000,,,195.3888237592809691
H116077448282,2261,10/3/2022,12/3/2029,84,73,10,Consumer,48538.50,43547.53,0.00,7.45,743.29,Monthly,Tier1,Used,,No,57000.00,122.88,NSW,,2559,,42367530.0000,2022,500000,,,195.3888237592809691
H116083348018,3106,10/3/2022,10/3/2027,60,49,10,Commercial,62236.30,52106.51,0.00,5.58,1191.08,Monthly,TierA,Used,,No,70747.30,139.61,VIC,,1826,,84265694.0840,2022,500000,,,273.8225629791894852
H116086525632,2750,10/3/2022,31/10/2022,60,0,10,Consumer,41489.00,0.00,0.00,3.99,763.89,Monthly,Tier1,New,,No,46500.00,93.07,NSW,,235,,35520885.0000,2022,500000,,,2127.6595744680851064
H116088152517,3073,10/3/2022,12/3/2029,84,73,10,Consumer,35448.96,31529.84,0.00,5.29,505.87,Monthly,Tier1,Used,,No,33249.96,101.28,VIC,,2559,,16820157.2652,2022,500000,,,195.3888237592809691
H116089181911,6215,10/3/2022,10/3/2026,48,37,10,Consumer,45539.00,36193.84,0.00,6.85,1087.32,Monthly,Tier1,Used,,No,44000.00,115.64,WA,,1461,,47842080.0000,2022,500000,,,342.2313483915126626
H116090210316,4556,10/3/2022,12/3/2029,84,73,10,Consumer,36539.00,32820.96,0.00,7.75,564.96,Monthly,Tier1,Used,,No,39000.00,113.62,QLD,,2559,,22033440.0000,2022,500000,,,195.3888237592809691
H116091776605,4226,10/3/2022,12/3/2029,84,73,10,Consumer,71324.00,63558.18,0.00,5.49,1024.59,Monthly,Tier1,New,,No,72335.00,114.69,QLD,,2559,,74113717.6500,2022,500000,,,195.3888237592809691
H116093577135,3429,10/3/2022,12/3/2029,84,73,10,Consumer,88699.00,78861.77,0.00,5.19,1261.59,Monthly,Tier1,Used,,No,88000.00,116.75,VIC,,2559,,111019920.0000,2022,500000,,,195.3888237592809691
H116095568262,5125,10/3/2022,20/2/2023,48,0,10,Consumer,7099.00,0.00,0.00,7.85,172.80,Monthly,Tier1,Used,,No,24500.00,35.11,SA,,347,,4233600.0000,2022,500000,,,1440.9221902017291066
H116096721995,2765,10/3/2022,10/3/2027,60,49,10,Commercial,36489.00,30987.65,0.00,9.02,757.80,Monthly,TierC,New,,No,38000.00,107.35,NSW,,1826,,28796400.0000,2022,500000,,,273.8225629791894852
H116097361626,2261,10/3/2022,12/3/2029,84,73,10,Consumer,20324.00,18222.76,0.00,7.29,309.63,Monthly,Tier1,Used,,No,20000.00,79.86,NSW,,2559,,6192600.0000,2022,500000,,,195.3888237592809691
H116101696505,2066,10/3/2022,10/3/2025,36,25,10,Consumer,19274.00,13862.94,0.00,7.79,602.11,Monthly,Tier1,Used,,No,22000.00,90.40,NSW,,1096,,13246420.0000,2022,500000,,,456.2043795620437956
H116105485902,4700,10/3/2022,12/3/2029,84,73,10,Consumer,29246.00,26340.01,0.00,8.45,462.41,Monthly,Tier1,Used,,No,27757.00,115.71,QLD,,2559,,12835114.3700,2022,500000,,,195.3888237592809691
H116107988056,6010,10/3/2022,10/3/2027,60,49,10,Consumer,20159.00,16762.54,0.00,3.99,371.16,Monthly,Tier1,New,,No,54430.00,40.46,WA,,1826,,20202238.8000,2022,500000,,,273.8225629791894852
H116111245275,6019,10/3/2022,16/3/2029,84,73,10,Consumer,98863.25,88100.37,0.00,5.49,1420.19,Monthly,Tier1,Used,,No,97615.25,120.27,WA,,2563,,138632201.8975,2022,500000,,,195.0838860710105345
H116113533634,3088,10/3/2022,10/3/2027,60,49,10,Commercial,25389.00,21414.14,0.00,7.34,506.81,Monthly,TierA,Used,,No,23900.00,121.48,VIC,,1826,,12112759.0000,2022,500000,,,273.8225629791894852
H116114509459,4570,10/3/2022,10/3/2027,60,49,10,Consumer,23479.00,19658.32,0.00,5.59,449.45,Monthly,Tier2,Used,,No,26990.00,81.78,QLD,,1826,,12130655.5000,2022,500000,,,273.8225629791894852
H116120102404,2753,10/3/2022,5/3/2029,84,73,10,Consumer,27539.00,24702.59,0.00,6.65,410.94,Monthly,Tier1,Used,,No,45500.00,57.48,NSW,,2552,,18697770.0000,2022,500000,,,195.9247648902821317
H116131217921,6164,10/3/2022,16/3/2029,84,73,10,Consumer,59489.00,53359.22,0.00,7.04,899.01,Monthly,Tier2,New,,Yes,62678.28,94.73,WA,,2563,,56348400.5028,2022,500000,,,195.0838860710105345
H116133316702,2749,10/3/2022,8/4/2022,36,36,0,Consumer,33051.00,0.00,0.00,6.29,1009.82,Monthly,Tier1,New,,No,35069.25,89.35,NSW,,29,,35413630.0350,2022,500000,,,17241.379310344828
H116136663387,2205,10/3/2022,12/3/2029,84,73,10,Consumer,90944.00,80849.34,9.85,5.13,1290.95,Monthly,Tier1,New,,No,91950.00,114.09,NSW,,2559,,118702852.5000,2022,500000,,,195.3888237592809691
H116137693720,4165,10/3/2022,12/3/2029,84,73,10,Consumer,50429.00,44667.24,0.00,4.29,696.05,Monthly,Tier1,New,,No,50600.01,101.44,QLD,,2559,,35220136.9605,2022,500000,,,195.3888237592809691
H116138674618,3030,10/3/2022,10/3/2027,60,49,10,Consumer,24539.00,20749.15,0.00,7.95,496.97,Monthly,Tier1,Used,,No,23000.00,98.16,VIC,,1826,,11430310.0000,2022,500000,,,273.8225629791894852
H116139685291,2095,10/3/2022,12/3/2029,84,73,10,Consumer,36568.00,32485.42,0.00,4.99,516.67,Monthly,Tier1,New,,No,37079.00,121.93,NSW,,2559,,19157606.9300,2022,500000,,,195.3888237592809691
H116141110848,2565,10/3/2022,10/3/2027,60,49,10,Consumer,58689.00,51937.32,0.00,4.60,828.67,Monthly,Tier1,New,,No,72200.00,86.91,NSW,,1826,,59829974.0000,2022,500000,,,273.8225629791894852
H116142015196,6060,10/3/2022,10/3/2025,36,25,10,Consumer,21989.00,15552.16,0.00,3.99,649.10,Monthly,Tier1,New,,No,44000.00,55.68,WA,,1096,,28560400.0000,2022,500000,,,456.2043795620437956
H116143035870,4128,10/3/2022,12/3/2029,84,73,10,Consumer,86353.98,76551.87,0.00,4.49,1199.93,Monthly,Tier1,New,,No,82704.22,132.24,QLD,,2559,,99239274.7046,2022,500000,,,195.3888237592809691
H116150169646,2155,10/3/2022,11/4/2022,60,60,0,Consumer,101489.00,0.00,0.00,6.44,1486.89,Monthly,Tier2,New,,No,100000.00,120.39,NSW,,32,,148689000.0000,2022,500000,,,15625.000000000000
H116155416581,4214,10/3/2022,10/3/2027,60,49,10,Consumer,24323.39,20559.35,0.00,7.85,491.44,Monthly,Tier1,Used,,No,22784.39,71.46,QLD,,1826,,11197160.6216,2022,500000,,,273.8225629791894852
H116157590658,2906,10/3/2022,10/3/2027,60,49,10,Consumer,31649.00,26762.32,0.00,7.95,640.97,Monthly,Tier1,Used,,No,30000.00,100.92,ACT,,1826,,19229100.0000,2022,500000,,,273.8225629791894852
H116158610724,3043,10/3/2022,12/3/2029,84,73,10,Consumer,49539.00,44161.29,0.00,5.84,719.89,Monthly,Tier1,Used,,No,48000.00,111.07,VIC,,2559,,34554720.0000,2022,500000,,,195.3888237592809691
H116159182617,3212,10/3/2022,12/3/2029,84,73,10,Consumer,41489.00,36876.05,0.00,4.89,584.25,Monthly,Tier1,New,,No,60490.00,62.96,VIC,,2559,,35341282.5000,2022,500000,,,195.3888237592809691
H116160960707,3338,10/3/2022,10/3/2027,60,49,10,Commercial,24134.00,20799.27,0.00,12.81,546.77,Monthly,TierC,Used,,No,22685.00,122.76,VIC,,1826,,12403477.4500,2022,500000,,,273.8225629791894852
H116161328107,4061,10/3/2022,10/3/2027,60,49,10,Consumer,43189.00,35912.25,0.00,3.99,795.19,Monthly,Tier1,New,,No,54000.00,103.32,QLD,,1826,,42940260.0000,2022,500000,,,273.8225629791894852
H116162610368,3802,10/3/2022,10/3/2027,60,49,10,Consumer,29269.00,24369.41,0.00,4.29,542.87,Monthly,Tier1,New,,No,28000.00,117.59,VIC,,1826,,15200360.0000,2022,500000,,,273.8225629791894852
H116167042502,3020,10/3/2022,10/3/2027,60,49,10,Consumer,39964.00,33440.86,0.00,5.45,762.43,Monthly,Tier2,New,,No,53500.00,75.12,VIC,,1826,,40790005.0000,2022,500000,,,273.8225629791894852
H116170403621,2914,10/3/2022,10/3/2027,60,49,10,Consumer,67159.00,48864.58,0.00,4.29,839.29,Monthly,Tier1,New,,No,67000.00,106.69,ACT,,1826,,56232430.0000,2022,500000,,,273.8225629791894852
H116171126984,2770,10/3/2022,10/3/2027,60,49,10,Commercial,41449.00,37498.06,0.00,7.16,598.68,Monthly,TierA,New,,No,53965.00,77.85,NSW,,1826,,32307766.2000,2022,500000,,,273.8225629791894852
H116176285412,3936,10/3/2022,12/3/2029,84,73,10,Consumer,57994.60,51647.24,0.00,5.59,835.86,Monthly,Tier1,New,,No,67445.60,87.80,VIC,,2559,,56375079.2160,2022,500000,,,195.3888237592809691
H116180149512,2206,10/3/2022,19/3/2029,84,73,10,Consumer,67545.81,59805.98,0.00,3.99,922.95,Monthly,Tier1,New,,No,65940.00,124.74,NSW,,2566,,60859323.0000,2022,500000,,,194.8558067030397506
H116181060816,4220,10/3/2022,12/3/2029,84,73,10,Consumer,30494.00,27478.61,0.00,8.55,483.68,Monthly,Tier2,Used,,No,30000.00,113.17,QLD,,2559,,14510400.0000,2022,500000,,,195.3888237592809691
H116185189322,6170,10/3/2022,10/3/2027,60,49,10,Consumer,21284.00,18012.16,0.00,8.15,433.09,Monthly,Tier1,Used,,No,20485.00,121.38,WA,,1826,,8871848.6500,2022,500000,,,273.8225629791894852
H116189913692,6110,10/3/2022,12/3/2029,84,73,10,Consumer,44587.29,40685.42,901.66,5.99,651.14,Monthly,Tier2,New,,No,43098.29,124.62,WA,,2559,,28063020.5506,2022,500000,,,195.3888237592809691
H116190786670,4212,10/3/2022,12/3/2029,84,73,10,Consumer,46489.00,41125.15,0.00,3.99,635.23,Monthly,Tier1,New,,No,65288.00,70.69,QLD,,2559,,41472896.2400,2022,500000,,,195.3888237592809691
H116194394400,5352,10/3/2022,19/3/2029,84,73,10,Consumer,71499.01,63719.92,0.00,5.47,1026.42,Monthly,Tier1,New,,No,69500.01,103.67,SA,,2566,,71336200.2642,2022,500000,,,194.8558067030397506
H116198570019,5600,10/3/2022,30/4/2029,84,74,9,Consumer,42726.86,38990.12,0.00,7.35,652.19,Monthly,Tier2,Used,,No,41187.86,90.60,SA,,2608,,26862310.4134,2022,500000,,,191.7177914110429448
H116200754472,2040,10/3/2022,12/3/2029,84,73,10,Consumer,27049.00,24156.51,0.00,6.29,398.91,Monthly,Tier1,New,,No,35560.00,77.73,NSW,,2559,,14185239.6000,2022,500000,,,195.3888237592809691
H116201275393,3844,10/3/2022,12/3/2029,84,73,10,Consumer,60503.00,53941.59,0.00,5.87,880.09,Monthly,Tier1,New,,No,59700.00,113.64,VIC,,2559,,52541373.0000,2022,500000,,,195.3888237592809691
H116204428476,4740,10/3/2022,8/7/2022,84,0,10,Consumer,44444.49,0.00,0.00,6.50,659.97,Monthly,Tier1,Used,,No,42905.49,92.79,QLD,,120,,28316336.2353,2022,500000,,,4166.6666666666666667
H116205718542,4069,10/3/2022,10/3/2028,72,61,10,Consumer,42049.00,37012.04,0.00,8.95,756.91,Monthly,Tier1,Used,,No,40000.00,124.48,QLD,,2192,,30276400.0000,2022,500000,,,228.1021897810218978
H116212201602,3190,10/3/2022,11/11/2024,60,21,10,Consumer,16989.00,6931.51,0.00,10.25,365.00,Monthly,Tier2,Used,,No,31500.00,66.11,VIC,,977,,11497500.0000,2022,500000,,,511.7707267144319345
H116213503146,4218,10/3/2022,30/6/2022,84,0,10,Consumer,29524.00,0.00,0.00,5.09,418.53,Monthly,Tier1,Used,,No,32725.00,97.83,QLD,,112,,13696394.2500,2022,500000,,,4464.2857142857142857
H116214399623,6112,10/3/2022,12/3/2029,84,73,10,Consumer,67850.12,59764.25,0.00,2.99,896.21,Monthly,Tier1,New,,Yes,68000.12,111.87,WA,,2559,,60942387.5452,2022,500000,,,195.3888237592809691
H116216710573,3340,10/3/2022,12/3/2029,84,73,10,Consumer,51859.00,46257.50,0.00,5.99,757.33,Monthly,Tier1,New,,No,50370.00,105.96,VIC,,2559,,38146712.1000,2022,500000,,,195.3888237592809691
H116217318596,4208,10/3/2022,10/3/2027,60,49,10,Consumer,43829.00,38175.38,0.00,9.25,915.14,Monthly,Tier1,Used,,No,41840.00,116.44,QLD,,1826,,38289457.6000,2022,500000,,,273.8225629791894852
H116219538718,2205,10/3/2022,10/3/2027,60,49,10,Consumer,30489.00,27144.61,0.00,4.75,419.60,Monthly,Tier1,New,,No,49000.00,63.80,NSW,,1826,,20560400.0000,2022,500000,,,273.8225629791894852
H116220627533,2765,10/3/2022,7/10/2022,84,0,10,Consumer,42489.00,0.00,0.00,3.99,580.57,Monthly,Tier1,New,,No,53500.00,81.43,NSW,,211,,31060495.0000,2022,500000,,,2369.6682464454976303
H116225852337,2107,10/3/2022,10/3/2027,60,49,10,Consumer,45489.00,37875.78,0.00,4.29,843.71,Monthly,Tier1,New,,No,65000.00,71.87,NSW,,1826,,54841150.0000,2022,500000,,,273.8225629791894852
H116226374213,2035,10/3/2022,12/3/2029,84,73,10,Consumer,31201.61,28164.41,0.00,8.99,501.84,Monthly,Tier3,Used,,No,34302.61,84.44,NSW,,2559,,17214421.8024,2022,500000,,,195.3888237592809691
H116228063803,2795,10/3/2022,10/3/2025,36,25,10,Commercial,11101.50,7885.63,0.00,4.95,332.47,Monthly,TierA,Used,,No,9052.50,58.80,NSW,,1096,,3009684.6750,2022,500000,,,456.2043795620437956
H116231330408,6333,10/3/2022,10/3/2025,36,25,10,Consumer,34350.12,28212.48,0.00,2.99,637.23,Monthly,Tier1,New,,Yes,68000.12,57.35,WA,,1096,,43331716.4676,2022,500000,,,456.2043795620437956
H116246980573,2162,11/3/2022,15/3/2027,60,49,10,Commercial,34789.00,29593.20,0.00,9.44,729.61,Monthly,TierC,Used,,No,33490.00,123.28,NSW,,1830,,24434638.9000,2022,500000,,,273.2240437158469945
H116256047105,7140,11/3/2022,15/3/2027,60,49,10,Commercial,34369.00,28795.56,0.00,5.75,660.46,Monthly,TierB,Used,,No,37500.00,116.90,TAS,,1830,,24767250.0000,2022,500000,,,273.2240437158469945
H116259992368,2000,11/3/2022,15/3/2027,60,49,10,Commercial,29579.00,26325.75,0.00,5.39,422.95,Monthly,TierA,New,,No,27580.00,133.90,NSW,,1830,,11664961.0000,2022,500000,,,273.2240437158469945
H116322108571,2539,11/3/2022,15/3/2027,60,49,10,Commercial,29269.00,24611.62,0.00,6.61,574.19,Monthly,TierA,Used,,No,34650.00,85.53,NSW,,1830,,19895683.5000,2022,500000,,,273.2240437158469945
H116330124213,3806,11/3/2022,15/3/2027,60,49,10,Commercial,42599.90,35818.28,0.00,6.59,835.31,Monthly,TierA,Used,,No,41610.90,116.71,VIC,,1830,,34758000.8790,2022,500000,,,273.2240437158469945
H116332336476,2068,11/3/2022,15/3/2027,60,49,10,Commercial,60450.08,55268.65,0.00,8.57,889.21,Monthly,TierB,New,,No,75230.10,89.84,NSW,,1830,,66895357.2210,2022,500000,,,273.2240437158469945
H116345216961,3938,11/3/2022,24/2/2023,60,0,10,Commercial,29049.00,0.00,0.00,6.51,635.10,Monthly,TierA,Used,,No,35500.00,76.65,VIC,,350,,22546050.0000,2022,500000,,,1428.5714285714285714
H116350099687,4740,11/3/2022,15/3/2027,60,49,10,Commercial,54590.01,45772.33,0.00,5.93,1053.60,Monthly,TierB,New,,No,55101.01,97.98,QLD,,1830,,58054424.1360,2022,500000,,,273.2240437158469945
H116379977365,6055,11/3/2022,15/3/2027,60,49,10,Consumer,46265.00,40596.86,0.00,2.99,624.97,Monthly,Tier1,New,,Yes,66615.00,77.24,WA,,1830,,41632376.5500,2022,500000,,,273.2240437158469945
H116384739713,3912,11/3/2022,15/3/2027,60,49,10,Commercial,87169.00,77213.91,0.00,5.42,1281.33,Monthly,TierA,New,,No,87180.01,120.25,VIC,,1830,,111706362.2133,2022,500000,,,273.2240437158469945
H116437095404,2121,14/3/2022,16/7/2024,60,17,10,Consumer,22135.00,7064.09,0.00,7.49,443.43,Monthly,Tier1,Used,,No,28500.00,81.68,NSW,,855,,12637755.0000,2022,500000,,,584.7953216374269006
H116439846217,4817,14/3/2022,15/3/2027,60,49,10,Consumer,23000.00,19167.35,0.00,4.50,428.78,Monthly,Tier1,New,,No,22501.00,139.48,QLD,,1827,,9647978.7800,2022,500000,,,273.6726874657909141
H116443584360,2480,14/3/2022,27/10/2022,84,0,10,Consumer,50899.00,0.00,0.00,4.84,740.10,Monthly,Tier1,Used,,No,63000.00,98.17,NSW,,227,,46626300.0000,2022,500000,,,2202.6431718061674009
H116444098490,2022,14/3/2022,14/3/2029,84,73,10,Commercial,35339.00,31735.93,0.00,7.70,545.53,Monthly,TierA,Used,,No,38500.00,89.49,NSW,,2557,,21002905.0000,2022,500000,,,195.5416503715291357
H116445651417,6018,14/3/2022,16/3/2026,48,37,10,Consumer,48252.00,44243.11,0.00,2.99,481.00,Monthly,Tier1,New,,Yes,66402.00,80.55,WA,,1463,,31939362.0000,2022,500000,,,341.7634996582365003
H116447926550,2096,14/3/2022,14/6/2023,60,4,10,Consumer,22379.00,1607.67,0.00,7.99,453.65,Monthly,Tier1,Used,,No,21000.00,95.48,NSW,,457,,9526650.0000,2022,500000,,,1094.0919037199124726
H116448391792,4575,14/3/2022,15/3/2027,60,49,10,Consumer,76621.21,63852.93,0.00,4.50,1428.45,Monthly,Tier1,New,,No,85892.21,101.80,QLD,,1827,,122692727.3745,2022,500000,,,273.6726874657909141
H116450198370,2327,14/3/2022,15/3/2027,60,49,10,Consumer,29539.00,24878.22,0.00,6.99,584.76,Monthly,Tier1,Used,,No,28000.00,97.94,NSW,,1827,,16373280.0000,2022,500000,,,273.6726874657909141
H116452769375,6055,14/3/2022,14/3/2029,84,73,10,Consumer,58479.00,51843.15,0.00,4.50,812.86,Monthly,Tier1,New,,No,57490.00,102.04,WA,,2557,,46731321.4000,2022,500000,,,195.5416503715291357
H116454806199,5108,14/3/2022,14/3/2029,84,73,10,Consumer,46442.61,41732.82,0.00,7.85,720.39,Monthly,Tier1,Used,,No,47953.61,113.61,SA,,2557,,34545301.1079,2022,500000,,,195.5416503715291357
H116455279986,3195,14/3/2022,14/3/2029,84,73,10,Consumer,33949.00,30701.77,0.00,9.55,555.73,Monthly,Tier2,Used,,No,31975.00,136.89,VIC,,2557,,17769466.7500,2022,500000,,,195.5416503715291357
H116456838273,4000,14/3/2022,14/3/2029,84,73,10,Consumer,31489.00,28143.13,0.00,6.48,467.28,Monthly,Tier1,New,,No,32000.00,109.00,QLD,,2557,,14952960.0000,2022,500000,,,195.5416503715291357
H116457740128,2103,14/3/2022,15/3/2027,60,49,10,Consumer,35099.00,29678.07,0.00,7.95,710.84,Monthly,Tier1,Used,,No,39000.00,94.73,NSW,,1827,,27722760.0000,2022,500000,,,273.6726874657909141
H116458101658,4218,14/3/2022,15/3/2027,60,49,10,Consumer,37724.00,31625.39,0.00,5.89,727.38,Monthly,Tier1,New,,No,38250.00,103.38,QLD,,1827,,27822285.0000,2022,500000,,,273.6726874657909141
H116461213870,2749,14/3/2022,28/7/2022,84,0,10,Consumer,54189.00,0.00,0.00,4.94,764.37,Monthly,Tier2,New,,No,52700.00,100.93,NSW,,136,,40282299.0000,2022,500000,,,3676.4705882352941176
H116465154166,2390,14/3/2022,14/3/2029,84,73,10,Consumer,27479.00,24456.02,0.00,5.44,394.09,Monthly,Tier2,New,,No,25990.00,112.20,NSW,,2557,,10242399.1000,2022,500000,,,195.5416503715291357
H116466682417,4505,14/3/2022,15/3/2027,60,49,10,Consumer,26429.00,22352.18,0.00,7.99,535.75,Monthly,Tier1,Used,,No,25000.00,85.81,QLD,,1827,,13393750.0000,2022,500000,,,273.6726874657909141
H116471843086,2067,14/3/2022,16/3/2026,48,37,10,Consumer,15829.00,12797.91,0.00,10.95,408.72,Monthly,Tier3,Used,,No,15000.00,113.06,NSW,,1463,,6130800.0000,2022,500000,,,341.7634996582365003
H116473330587,3154,14/3/2022,14/3/2025,36,25,10,Consumer,17574.00,12540.89,0.00,5.99,534.55,Monthly,Tier1,Used,,No,17300.00,104.73,VIC,,1096,,9247715.0000,2022,500000,,,456.2043795620437956
H116477630701,3809,14/3/2022,15/3/2027,60,49,10,Consumer,12989.00,11040.83,0.00,9.25,271.20,Monthly,Tier1,Used,,No,12000.00,121.39,VIC,,1827,,3254400.0000,2022,500000,,,273.6726874657909141
H116478311947,4740,14/3/2022,3/5/2027,60,51,10,Consumer,53489.00,48679.07,0.00,5.99,742.81,Monthly,Tier1,New,,No,58000.00,99.63,QLD,,1876,,43082980.0000,2022,500000,,,266.5245202558635394
H116479912316,3148,14/3/2022,14/3/2029,84,73,10,Consumer,29874.00,26527.25,0.00,4.89,420.69,Monthly,Tier1,New,,No,30500.00,109.87,VIC,,2557,,12831045.0000,2022,500000,,,195.5416503715291357
H116480782476,4207,14/3/2022,15/3/2027,60,49,10,Consumer,36974.01,30877.90,0.00,4.99,697.57,Monthly,Tier1,New,,No,49985.01,83.94,QLD,,1827,,34868043.4257,2022,500000,,,273.6726874657909141
H116481590216,6109,14/3/2022,2/12/2022,84,0,10,Consumer,46629.00,0.00,0.00,7.39,712.67,Monthly,Tier1,Used,,No,44990.00,117.39,WA,,263,,32063023.3000,2022,500000,,,1901.1406844106463878
H116482788279,6214,14/3/2022,27/5/2022,48,0,10,Consumer,11539.00,0.00,0.00,7.85,280.88,Monthly,Tier2,Used,,No,10000.00,92.31,WA,,74,,2808800.0000,2022,500000,,,6756.7567567567567568
H116486424240,3810,14/3/2022,14/3/2029,84,73,10,Consumer,89249.00,79220.77,0.00,4.80,1253.06,Monthly,Tier1,Used,,No,87500.00,123.34,VIC,,2557,,109642750.0000,2022,500000,,,195.5416503715291357
H116495117120,4700,14/3/2022,15/3/2027,60,49,10,Consumer,31539.00,26667.93,0.00,7.95,638.74,Monthly,Tier3,Used,,No,30000.00,99.49,QLD,,1827,,19162200.0000,2022,500000,,,273.6726874657909141
H116499635317,6112,14/3/2022,15/3/2027,60,49,10,Commercial,67850.12,57928.06,0.00,2.99,1061.05,Monthly,TierA,New,,Yes,68000.12,113.27,WA,,1827,,72151527.3260,2022,500000,,,273.6726874657909141
H116500693757,3028,14/3/2022,6/6/2022,72,0,10,Consumer,44599.00,0.00,0.00,7.55,772.20,Monthly,Tier2,Used,,No,101650.00,49.38,VIC,,84,,78494130.0000,2022,500000,,,5952.3809523809523810
H116503990010,2205,14/3/2022,15/3/2027,60,49,10,Commercial,10372.51,8972.81,0.00,13.82,240.38,Monthly,TierC,Used,,No,8833.51,47.19,NSW,,1827,,2123399.1338,2022,500000,,,273.6726874657909141
H116505926806,2753,14/3/2022,15/3/2027,60,49,10,Consumer,42318.00,37927.73,0.00,7.15,641.28,Monthly,Tier1,Used,,No,40999.00,99.24,NSW,,1827,,26291838.7200,2022,500000,,,273.6726874657909141
H116508591326,830,14/3/2022,28/3/2022,72,72,0,Consumer,49858.90,0.00,0.00,7.85,870.54,Monthly,Tier1,Used,,No,47000.00,115.41,NT,,14,,40915380.0000,2022,500000,,,35714.285714285714
H116514467493,6208,14/3/2022,15/3/2027,60,49,10,Consumer,32478.00,27206.61,0.00,5.99,627.73,Monthly,Tier1,Used,,No,25990.00,137.91,WA,,1827,,16314702.7000,2022,500000,,,273.6726874657909141
H116518477833,2153,14/3/2022,14/3/2029,84,73,10,Commercial,76539.00,68182.84,0.00,5.67,1106.05,Monthly,TierA,Used,,No,80000.00,100.33,NSW,,2557,,88484000.0000,2022,500000,,,195.5416503715291357
H116521173005,2179,14/3/2022,15/3/2027,60,49,10,Consumer,22099.00,18625.44,0.00,7.15,439.15,Monthly,Tier1,Used,,No,36990.00,66.14,NSW,,1827,,16244158.5000,2022,500000,,,273.6726874657909141
H116522666997,4818,14/3/2022,16/10/2028,84,68,10,Consumer,28606.70,25793.30,0.00,9.05,490.10,Monthly,Tier1,Used,,No,27178.00,116.76,QLD,,2408,,13319937.8000,2022,500000,,,207.6411960132890365
H116527631556,3977,14/3/2022,4/4/2022,48,48,0,Consumer,12194.00,0.00,0.00,7.99,297.63,Monthly,Tier1,Used,,No,11825.00,98.34,VIC,,21,,3519474.7500,2022,500000,,,23809.523809523810
H116532496866,4509,14/3/2022,14/12/2028,84,70,10,Consumer,26489.00,22765.00,0.00,6.59,394.50,Monthly,Tier2,Used,,No,75000.00,39.36,QLD,,2467,,29587500.0000,2022,500000,,,202.6753141467369274
H116540318368,3073,14/3/2022,14/3/2029,84,73,10,Consumer,58641.00,52401.53,0.00,6.44,869.08,Monthly,Tier1,New,,No,62152.00,97.06,VIC,,2557,,54015060.1600,2022,500000,,,195.5416503715291357
H116542653204,4740,14/3/2022,14/3/2029,84,73,10,Consumer,48539.00,43635.89,0.00,7.95,755.33,Monthly,Tier2,Used,,No,47000.00,106.97,QLD,,2557,,35500510.0000,2022,500000,,,195.5416503715291357
H116543421136,4352,14/3/2022,7/11/2022,84,0,10,Consumer,66889.00,0.00,0.00,6.41,990.35,Monthly,Tier2,Used,,No,65990.00,139.94,QLD,,238,,65353196.5000,2022,500000,,,2100.8403361344537815
H116544662725,6020,14/3/2022,15/1/2029,84,71,10,Consumer,31227.89,27314.10,0.00,6.99,471.15,Monthly,Tier1,Used,,No,34829.89,118.34,WA,,2499,,16410102.6735,2022,500000,,,200.0800320128051220
H116547985346,7310,14/3/2022,15/3/2027,60,49,10,Consumer,53039.00,44854.68,0.00,7.99,1075.18,Monthly,Tier2,Used,,No,56500.00,113.94,TAS,,1827,,60747670.0000,2022,500000,,,273.6726874657909141
H116548304852,2541,14/3/2022,14/3/2029,84,73,10,Consumer,29484.00,26554.20,0.00,8.45,466.18,Monthly,Tier1,Used,,No,28995.00,102.30,NSW,,2557,,13516889.1000,2022,500000,,,195.5416503715291357
H116549462233,3156,14/3/2022,1/5/2029,84,75,10,Consumer,26750.00,24588.19,0.00,9.95,443.39,Monthly,Tier3,Used,,No,25591.00,111.46,VIC,,2605,,11346793.4900,2022,500000,,,191.9385796545105566
H116557397645,812,14/3/2022,15/3/2027,60,49,10,Consumer,71390.00,59874.19,0.00,5.99,1379.83,Monthly,Tier1,New,,No,109901.00,86.08,NT,,1827,,151644696.8300,2022,500000,,,273.6726874657909141
H116558165281,6014,14/3/2022,14/3/2029,84,73,10,Consumer,18197.00,16296.40,0.00,6.99,274.55,Monthly,Tier1,Used,,No,17999.00,118.93,WA,,2557,,4941625.4500,2022,500000,,,195.5416503715291357
H116563399710,5214,14/3/2022,14/3/2029,84,73,10,Consumer,55158.00,48793.79,0.00,3.99,753.69,Monthly,Tier1,New,,No,53669.00,120.07,SA,,2557,,40449788.6100,2022,500000,,,195.5416503715291357
H116566522257,3145,15/3/2022,22/9/2022,84,0,10,Consumer,80434.20,0.00,0.00,2.99,1062.43,Monthly,Tier1,New,,Yes,80584.00,107.46,VIC,,191,,85614859.1200,2022,500000,,,2617.8010471204188482
H116600485768,2227,15/3/2022,11/7/2022,72,0,10,Consumer,46104.00,0.00,0.00,2.99,700.28,Monthly,Tier1,New,,Yes,66454.00,76.02,NSW,,118,,46536407.1200,2022,500000,,,4237.2881355932203390
H116603933577,3064,15/3/2022,15/3/2029,84,73,10,Consumer,35684.00,31431.52,0.00,2.99,471.34,Monthly,Tier1,New,,Yes,64984.20,59.57,VIC,,2557,,30629652.8280,2022,500000,,,195.5416503715291357
H116608960144,6062,15/3/2022,17/3/2025,36,25,10,Consumer,48000.00,38901.09,0.00,2.99,937.35,Monthly,Tier1,New,,Yes,68958.62,78.69,WA,,1098,,64638362.4570,2022,500000,,,455.3734061930783242
H116624082540,7022,15/3/2022,17/3/2025,36,25,10,Commercial,26249.00,18748.35,0.00,6.19,800.80,Monthly,TierA,Used,,No,62381.00,44.06,TAS,,1098,,49954704.8000,2022,500000,,,455.3734061930783242
H116629005979,4032,15/3/2022,16/3/2026,48,37,10,Consumer,19759.00,15440.90,0.00,2.99,437.26,Monthly,Tier3,New,,Yes,65109.00,32.99,QLD,,1462,,28469561.3400,2022,500000,,,341.9972640218878249
H116658101037,4556,15/3/2022,15/3/2027,60,49,10,Consumer,55000.00,47775.16,0.00,2.99,786.67,Monthly,Tier1,New,,Yes,65072.00,91.82,QLD,,1826,,51190190.2400,2022,500000,,,273.8225629791894852
H116712525817,4110,15/3/2022,15/3/2029,84,73,10,Consumer,50000.00,44041.49,0.00,2.99,660.43,Monthly,Tier1,New,,Yes,63584.00,83.47,QLD,,2557,,41992781.1200,2022,500000,,,195.5416503715291357
H116723509168,4169,15/3/2022,15/3/2027,60,49,10,Commercial,27494.00,23280.28,0.00,8.29,561.30,Monthly,TierC,Used,,No,31500.00,85.92,QLD,,1826,,17680950.0000,2022,500000,,,273.8225629791894852
H116732783535,4720,16/3/2022,16/3/2027,60,49,10,Consumer,21514.00,18191.33,0.00,7.95,435.71,Monthly,Tier2,Used,,No,20500.00,86.26,QLD,,1826,,8932055.0000,2022,500000,,,273.8225629791894852
H116747940826,4061,16/3/2022,16/3/2029,84,73,10,Consumer,12927.30,11669.59,0.00,9.05,208.31,Monthly,Tier1,Used,,No,14438.30,114.73,QLD,,2557,,3007642.2730,2022,500000,,,195.5416503715291357
H116749408498,3401,16/3/2022,22/3/2027,60,49,10,Consumer,50802.00,42624.72,0.00,5.85,978.60,Monthly,Tier1,Used,,No,46000.00,129.10,VIC,,1832,,45015600.0000,2022,500000,,,272.9257641921397380
H116750012488,6112,16/3/2022,16/3/2029,84,73,10,Consumer,63064.00,56252.14,0.00,5.99,920.97,Monthly,Tier1,New,,No,61795.00,127.48,WA,,2557,,56911341.1500,2022,500000,,,195.5416503715291357
H116754605761,3041,16/3/2022,23/6/2022,84,0,10,Consumer,65693.80,0.00,0.00,2.99,867.73,Monthly,Tier1,New,,Yes,69043.80,106.39,VIC,,99,,59911376.5740,2022,500000,,,5050.5050505050505051
H116755190191,6112,16/3/2022,16/3/2027,60,49,10,Consumer,39789.00,33351.00,0.00,5.85,766.46,Monthly,Tier1,Used,,No,38300.00,104.05,WA,,1826,,29355418.0000,2022,500000,,,273.8225629791894852
H116759264088,3043,16/3/2022,16/3/2027,60,49,10,Consumer,58313.00,49467.52,0.00,8.75,1203.41,Monthly,Tier1,Used,,No,62500.00,121.74,VIC,,1826,,75213125.0000,2022,500000,,,273.8225629791894852
H116762679797,6163,16/3/2022,6/7/2022,84,0,10,Commercial,58548.71,0.00,0.00,8.25,919.86,Monthly,TierB,Used,,No,57009.71,66.23,WA,,112,,52440951.8406,2022,500000,,,4464.2857142857142857
H116763319330,6112,16/3/2022,28/2/2029,84,72,10,Consumer,41638.00,34499.75,0.00,7.85,600.00,Monthly,Tier1,Used,,No,40089.00,135.67,WA,,2541,,24053400.0000,2022,500000,,,196.7729240456513184
H116765251430,4521,16/3/2022,16/3/2028,72,61,10,Consumer,24124.00,20923.89,0.00,5.30,391.88,Monthly,Tier1,New,,No,32635.00,77.84,QLD,,2192,,12789003.8000,2022,500000,,,228.1021897810218978
H116767487533,3081,16/3/2022,16/3/2027,60,49,10,Consumer,40209.00,33801.25,0.00,6.54,787.48,Monthly,Tier1,Used,,No,39000.00,121.48,VIC,,1826,,30711720.0000,2022,500000,,,273.8225629791894852
H116768100232,4127,16/3/2022,16/3/2027,60,49,10,Consumer,46759.99,38966.30,0.00,4.49,871.53,Monthly,Tier1,New,,No,65270.99,70.96,QLD,,1826,,56885625.9147,2022,500000,,,273.8225629791894852
H116769163313,4123,16/3/2022,4/5/2029,84,75,10,Consumer,74113.00,67623.42,0.00,8.45,1171.82,Monthly,Tier1,Used,,No,74624.00,122.45,QLD,,2606,,87445895.6800,2022,500000,,,191.8649270913277053
H116772671737,4224,16/3/2022,16/3/2028,72,61,10,Consumer,51599.00,45222.10,0.00,7.85,900.92,Monthly,Tier1,Used,,No,53598.36,100.98,QLD,,2192,,48287834.4912,2022,500000,,,228.1021897810218978
H116782718023,4280,16/3/2022,16/3/2029,84,73,10,Consumer,46008.00,40525.04,0.00,2.99,607.71,Monthly,Tier2,New,,Yes,67358.00,75.42,QLD,,2557,,40934130.1800,2022,500000,,,195.5416503715291357
H116792154169,2487,16/3/2022,16/3/2027,60,49,10,Consumer,61209.00,51764.25,0.00,7.99,1240.80,Monthly,Tier1,Used,,No,66000.00,103.13,NSW,,1826,,81892800.0000,2022,500000,,,273.8225629791894852
H116794947356,2250,16/3/2022,17/3/2025,36,25,10,Commercial,15439.00,11087.24,0.00,7.43,479.75,Monthly,TierA,Used,,No,14950.00,127.75,NSW,,1097,,7172262.5000,2022,500000,,,455.7885141294439380
H116798703598,4074,16/3/2022,16/3/2027,60,49,10,Consumer,44503.40,37324.79,0.00,5.99,860.16,Monthly,Tier1,New,,No,48514.40,99.03,QLD,,1826,,41730146.3040,2022,500000,,,273.8225629791894852
H116800335788,2431,16/3/2022,16/3/2029,84,73,10,Consumer,41489.00,36848.70,0.00,4.94,585.23,Monthly,Tier2,New,,No,54800.00,91.89,NSW,,2557,,32070604.0000,2022,500000,,,195.5416503715291357
H116808535580,3338,16/3/2022,16/3/2029,84,73,10,Consumer,75409.00,66422.23,0.00,2.99,996.06,Monthly,Tier1,New,,Yes,80559.00,103.02,VIC,,2557,,80241597.5400,2022,500000,,,195.5416503715291357
H116811634074,4132,16/3/2022,16/3/2029,84,73,10,Consumer,62120.50,55632.36,0.00,6.99,937.26,Monthly,Tier1,Used,,No,64631.50,103.88,QLD,,2557,,60576519.6900,2022,500000,,,195.5416503715291357
H116816540180,2195,16/3/2022,4/10/2022,36,0,10,Consumer,13159.00,0.00,0.00,10.25,426.15,Monthly,Tier3,Used,,No,21990.00,69.55,NSW,,202,,9371038.5000,2022,500000,,,2475.2475247524752475
H116818159423,4030,16/3/2022,16/3/2027,60,49,10,Consumer,32994.00,27989.16,0.00,8.75,680.90,Monthly,Tier1,Used,,No,31000.00,123.11,QLD,,1826,,21107900.0000,2022,500000,,,273.8225629791894852
H116819813328,2323,16/3/2022,16/3/2027,60,49,10,Consumer,27374.00,23268.37,0.00,9.25,571.56,Monthly,Tier2,Used,,No,25885.00,113.59,NSW,,1826,,14794830.6000,2022,500000,,,273.8225629791894852
H116821529656,6169,16/3/2022,16/3/2029,84,73,10,Consumer,58493.00,51961.78,0.00,4.99,826.45,Monthly,Tier1,New,,No,56695.00,119.13,WA,,2557,,46855582.7500,2022,500000,,,195.5416503715291357
H116825613948,2044,16/3/2022,16/3/2029,84,73,10,Consumer,64529.00,56838.83,0.00,2.99,852.35,Monthly,Tier1,New,,Yes,64879.00,107.73,NSW,,2557,,55299615.6500,2022,500000,,,195.5416503715291357
H116830533396,4053,16/3/2022,16/3/2029,84,73,10,Consumer,33749.00,30186.40,0.00,7.55,518.48,Monthly,Tier2,Used,,No,35301.70,116.56,QLD,,2557,,18303225.4160,2022,500000,,,195.5416503715291357
H116831418984,3550,16/3/2022,16/3/2027,60,49,10,Consumer,21319.00,17974.59,0.00,7.25,424.66,Monthly,Tier2,Used,,No,28500.00,81.22,VIC,,1826,,12102810.0000,2022,500000,,,273.8225629791894852
H116834386699,4014,16/3/2022,17/3/2025,36,25,10,Commercial,64755.00,51358.97,0.00,2.99,1365.17,Monthly,TierA,New,,Yes,64905.00,108.11,QLD,,1097,,88606358.8500,2022,500000,,,455.7885141294439380
H116836289324,2150,16/3/2022,16/3/2027,60,49,10,Commercial,64948.00,57706.42,0.00,2.99,813.13,Monthly,TierA,New,,Yes,65298.00,108.43,NSW,,1826,,53095762.7400,2022,500000,,,273.8225629791894852
H116840261448,3044,16/3/2022,6/1/2023,84,0,10,Consumer,40989.91,0.00,0.00,4.79,575.31,Monthly,Tier1,Used,,No,44500.91,128.90,VIC,,296,,25601818.5321,2022,500000,,,1689.1891891891891892
H116843360312,3500,16/3/2022,16/3/2029,84,73,10,Consumer,28934.00,26166.61,0.00,9.55,473.63,Monthly,Tier2,Used,,No,41785.00,103.71,VIC,,2557,,19790629.5500,2022,500000,,,195.5416503715291357
H116845700283,4556,16/3/2022,16/3/2029,84,73,10,Consumer,33489.00,30001.99,0.00,7.08,506.74,Monthly,Tier1,New,,No,29500.00,123.27,QLD,,2557,,14948830.0000,2022,500000,,,195.5416503715291357
H116846627039,5081,16/3/2022,16/3/2027,60,49,10,Consumer,21098.00,17766.21,0.00,6.95,417.26,Monthly,Tier2,Used,,No,23976.00,106.56,SA,,1826,,10004225.7600,2022,500000,,,273.8225629791894852
H116847108311,3977,16/3/2022,16/3/2029,84,73,10,Consumer,18159.00,16372.59,0.00,8.74,289.77,Monthly,Tier2,Used,,No,25990.00,66.32,VIC,,2557,,7531122.3000,2022,500000,,,195.5416503715291357
H116849607058,2155,16/3/2022,18/5/2026,60,39,10,Consumer,37389.00,30645.37,0.00,6.78,890.10,Monthly,Tier1,New,,No,36400.00,111.31,NSW,,1524,,32399640.0000,2022,500000,,,328.0839895013123360
H116850790229,4350,16/3/2022,16/3/2029,84,73,10,Consumer,121489.00,107703.26,0.00,4.50,1688.71,Monthly,Tier1,New,,No,147840.00,84.99,QLD,,2557,,249658886.4000,2022,500000,,,195.5416503715291357
H116853653788,3977,16/3/2022,16/3/2027,60,49,10,Consumer,31489.00,26253.49,0.00,4.60,588.48,Monthly,Tier1,New,,Yes,48000.00,68.47,VIC,,1826,,28247040.0000,2022,500000,,,273.8225629791894852
H116856360488,3498,16/3/2022,16/3/2027,60,49,10,Consumer,30454.00,25644.72,0.00,6.95,602.30,Monthly,Tier2,Used,,No,36990.00,112.92,VIC,,1826,,22279077.0000,2022,500000,,,273.8225629791894852
H116857671811,4113,16/3/2022,16/3/2026,48,37,10,Consumer,21269.00,16780.68,0.00,5.15,491.25,Monthly,Tier1,Used,,No,45528.00,46.54,QLD,,1461,,22365630.0000,2022,500000,,,342.2313483915126626
H116861509464,4207,16/3/2022,16/3/2027,60,49,10,Consumer,20739.00,17666.37,0.00,9.79,438.50,Monthly,Tier3,Used,,No,19250.00,98.76,QLD,,1826,,8441125.0000,2022,500000,,,273.8225629791894852
H116863907955,3029,16/3/2022,8/6/2022,60,0,10,Consumer,36474.04,0.00,0.00,5.99,704.97,Monthly,Tier1,New,,No,39612.04,104.54,VIC,,84,,27925299.8388,2022,500000,,,5952.3809523809523810
H116872631308,3564,16/3/2022,16/3/2027,60,49,10,Consumer,43144.00,36336.74,0.00,6.99,854.09,Monthly,Tier2,New,,No,46800.00,100.52,VIC,,1826,,39971412.0000,2022,500000,,,273.8225629791894852
H116875144065,2566,16/3/2022,16/3/2027,60,49,10,Commercial,61084.00,51394.64,0.00,6.75,1202.34,Monthly,TierA,Used,,No,63585.00,128.81,NSW,,1826,,76450788.9000,2022,500000,,,273.8225629791894852
H116877493919,4301,16/3/2022,18/3/2026,48,37,10,Consumer,9769.00,7851.22,0.00,9.25,244.26,Monthly,Tier2,Used,,No,10000.00,108.73,QLD,,1463,,2442600.0000,2022,500000,,,341.7634996582365003
H116880362871,3810,16/3/2022,16/3/2029,84,73,10,Consumer,28489.00,25350.82,0.00,5.40,408.03,Monthly,Tier1,New,,No,28490.00,101.78,VIC,,2557,,11624774.7000,2022,500000,,,195.5416503715291357
H116882853233,2765,16/3/2022,16/3/2029,84,73,10,Consumer,67574.00,59520.96,0.00,2.99,892.57,Monthly,Tier2,New,,Yes,67924.00,110.15,NSW,,2557,,60626924.6800,2022,500000,,,195.5416503715291357
H116889727378,3338,16/3/2022,16/3/2029,84,73,10,Consumer,32989.00,29681.54,337.41,5.29,470.77,Monthly,Tier1,New,,No,31990.00,120.00,VIC,,2557,,15059932.3000,2022,500000,,,195.5416503715291357
H116894773224,4226,16/3/2022,16/3/2027,60,49,10,Consumer,27319.00,22928.48,0.00,6.15,530.06,Monthly,Tier1,Used,,No,26000.00,93.24,QLD,,1826,,13781560.0000,2022,500000,,,273.8225629791894852
H116897917156,830,16/3/2022,16/2/2029,84,72,10,Consumer,75008.00,65655.78,0.00,6.85,1126.57,Monthly,Tier1,Used,,No,69990.00,136.38,NT,,2529,,78848634.3000,2022,500000,,,197.7066034005535785
H116898595690,3223,16/3/2022,16/3/2029,84,73,10,Consumer,66639.00,60130.82,0.00,8.95,1070.46,Monthly,Tier2,Used,,No,65790.00,139.70,VIC,,2557,,70425563.4000,2022,500000,,,195.5416503715291357
H116900995255,2761,16/3/2022,18/3/2027,60,49,10,Consumer,34539.00,29144.32,0.00,7.25,687.99,Monthly,Tier2,Used,,No,33000.00,118.37,NSW,,1828,,22703670.0000,2022,500000,,,273.5229759299781182
H116901440437,4741,16/3/2022,20/3/2029,84,73,10,Consumer,37074.00,33308.86,0.00,7.54,569.38,Monthly,Tier2,New,,No,37775.35,113.76,QLD,,2561,,21508528.7830,2022,500000,,,195.2362358453729012
H116902054626,3931,16/3/2022,29/3/2029,84,73,10,Consumer,23507.25,21461.44,0.00,8.45,371.68,Monthly,Tier1,Used,,No,22018.25,124.05,VIC,,2570,,8183743.1600,2022,500000,,,194.5525291828793774
H116903564896,4215,16/3/2022,16/3/2027,60,49,10,Commercial,31489.00,26218.91,0.00,4.30,584.19,Monthly,TierA,New,,Yes,43000.00,67.95,QLD,,1826,,25120170.0000,2022,500000,,,273.8225629791894852
H116908061831,4560,16/3/2022,16/3/2027,60,49,10,Consumer,24539.00,20766.15,0.00,8.15,499.32,Monthly,Tier1,Used,,No,53000.00,55.54,QLD,,1826,,26463960.0000,2022,500000,,,273.8225629791894852
H116909039339,2117,16/3/2022,16/3/2026,48,37,10,Consumer,30000.00,23443.75,0.00,2.99,663.89,Monthly,Tier1,New,,Yes,63434.00,50.08,NSW,,1461,,42113198.2600,2022,500000,,,342.2313483915126626
H116914230640,4506,16/3/2022,17/5/2027,84,51,10,Consumer,39348.00,33964.29,0.00,7.45,790.10,Monthly,Tier1,Used,,No,62354.00,83.10,QLD,,1888,,49265895.4000,2022,500000,,,264.8305084745762712
H116920342807,3029,16/3/2022,16/3/2027,60,49,10,Commercial,54650.00,48610.22,0.00,2.99,679.39,Monthly,TierA,New,,Yes,65137.60,90.11,VIC,,1826,,44253834.0640,2022,500000,,,273.8225629791894852
H116921223713,3044,16/3/2022,16/3/2027,60,49,10,Consumer,12269.00,10290.04,0.00,5.99,237.13,Monthly,Tier1,New,,No,42649.00,34.56,VIC,,1826,,10113357.3700,2022,500000,,,273.8225629791894852
H116925567465,3763,17/3/2022,6/12/2022,60,0,10,Commercial,25384.00,0.00,0.00,5.81,488.50,Monthly,TierA,Used,,No,24000.00,107.29,VIC,,264,,11724000.0000,2022,500000,,,1893.9393939393939394
H116928025460,4000,17/3/2022,17/3/2027,60,49,10,Commercial,28489.00,23741.70,0.00,4.50,531.12,Monthly,TierA,Used,,No,27990.00,101.38,QLD,,1826,,14866048.8000,2022,500000,,,273.8225629791894852
H116935051579,3167,17/3/2022,17/3/2027,60,49,10,Commercial,71479.00,60271.07,0.00,7.27,1424.49,Monthly,TierA,New,,No,69990.00,104.43,VIC,,1826,,99700055.1000,2022,500000,,,273.8225629791894852
H116938538040,2029,17/3/2022,19/3/2029,84,73,10,Consumer,66097.00,58220.03,0.00,2.99,873.06,Monthly,Tier2,New,,Yes,66447.00,110.35,NSW,,2559,,58012217.8200,2022,500000,,,195.3888237592809691
H116941938804,2428,17/3/2022,17/3/2027,60,49,10,Commercial,19999.00,16819.08,0.00,6.64,392.61,Monthly,TierA,Used,,No,19000.00,92.59,NSW,,1826,,7459590.0000,2022,500000,,,273.8225629791894852
H116955361697,3171,17/3/2022,17/3/2026,48,37,10,Consumer,56815.00,51570.26,0.00,2.99,613.45,Monthly,Tier1,New,,Yes,81964.60,76.62,VIC,,1461,,50281183.8700,2022,500000,,,342.2313483915126626
H116958692117,3024,17/3/2022,19/3/2029,84,73,10,Consumer,47775.00,42081.50,0.00,2.99,631.05,Monthly,Tier2,New,,Yes,66423.00,76.93,VIC,,2559,,41916234.1500,2022,500000,,,195.3888237592809691
H116961159158,2155,17/3/2022,14/7/2022,84,0,10,Consumer,65097.00,0.00,0.00,2.99,859.85,Monthly,Tier1,New,,Yes,66500.00,108.68,NSW,,119,,57180025.0000,2022,500000,,,4201.6806722689075630
H116963990489,4012,17/3/2022,17/3/2027,60,49,10,Consumer,63187.00,52310.17,0.00,2.99,1135.10,Monthly,Tier1,New,,Yes,63579.00,105.49,QLD,,1826,,72168522.9000,2022,500000,,,273.8225629791894852
H116966724768,2914,17/3/2022,17/3/2026,48,37,10,Consumer,40000.00,31258.41,0.00,2.99,885.19,Monthly,Tier1,New,,Yes,62055.00,66.78,ACT,,1461,,54930465.4500,2022,500000,,,342.2313483915126626
H116970743148,4103,17/3/2022,19/10/2026,60,44,10,Consumer,44759.00,33409.87,0.00,2.99,804.06,Monthly,Tier1,New,,Yes,65114.00,74.72,QLD,,1677,,52355562.8400,2022,500000,,,298.1514609421586166
H116983944647,2114,17/3/2022,17/3/2027,60,49,10,Consumer,59879.00,49571.30,0.00,2.99,1075.68,Monthly,Tier1,New,,Yes,64879.00,99.96,NSW,,1826,,69789042.7200,2022,500000,,,273.8225629791894852
H117016351661,4560,17/3/2022,24/10/2028,84,68,10,Consumer,63319.00,56257.99,0.00,2.99,900.00,Monthly,Tier1,New,,Yes,63669.00,104.40,QLD,,2413,,57302100.0000,2022,500000,,,207.2109407376709490
H117017329652,4165,17/3/2022,19/3/2029,84,73,10,Commercial,71399.00,64899.95,0.00,10.95,1220.64,Monthly,TierA,Used,,No,75000.00,85.73,QLD,,2559,,91548000.0000,2022,500000,,,195.3888237592809691
H117026281502,2450,17/3/2022,19/3/2029,84,73,10,Consumer,47000.00,41398.89,0.00,2.99,620.81,Monthly,Tier1,New,,Yes,80306.00,62.79,NSW,,2559,,49854767.8600,2022,500000,,,195.3888237592809691
H117041391530,3138,17/3/2022,19/3/2029,84,73,10,Commercial,73437.00,65419.87,0.00,5.67,1061.22,Monthly,TierA,Used,,No,71948.00,126.73,VIC,,2559,,76352656.5600,2022,500000,,,195.3888237592809691
H117044652041,6104,17/3/2022,19/3/2029,84,73,10,Consumer,82027.62,72252.19,0.00,2.99,1083.48,Monthly,Tier1,New,,Yes,82377.62,110.92,WA,,2559,,89254503.7176,2022,500000,,,195.3888237592809691
H117049249330,4109,17/3/2022,19/3/2029,84,73,10,Consumer,63192.00,55661.20,0.00,2.99,834.69,Monthly,Tier2,New,,Yes,63542.00,105.50,QLD,,2559,,53037871.9800,2022,500000,,,195.3888237592809691
H117050064478,3931,17/3/2022,17/3/2028,72,61,10,Consumer,65409.20,56171.36,0.00,2.99,993.51,Monthly,Tier1,New,,Yes,82018.00,89.11,VIC,,2192,,81485703.1800,2022,500000,,,228.1021897810218978
H117058059073,3182,17/3/2022,17/3/2027,60,49,10,Commercial,59923.00,49607.75,0.00,2.99,1076.47,Monthly,TierA,New,,Yes,82073.00,81.86,VIC,,1826,,88349122.3100,2022,500000,,,273.8225629791894852
H117060970372,3336,17/3/2022,19/3/2029,84,73,10,Consumer,60000.00,52849.70,0.00,2.99,792.52,Monthly,Tier1,New,,Yes,67611.00,100.17,VIC,,2559,,53583069.7200,2022,500000,,,195.3888237592809691
H117064451325,7010,17/3/2022,17/9/2025,42,31,10,Consumer,51851.00,38800.22,0.00,2.99,1301.80,Monthly,Tier1,New,,Yes,62201.00,86.56,TAS,,1280,,80973261.8000,2022,500000,,,390.6250000000000000
H117069762081,5251,17/3/2022,17/3/2027,60,49,10,Consumer,45992.00,41264.95,0.00,2.99,539.84,Monthly,Tier2,New,,Yes,61692.00,76.78,SA,,1826,,33303809.2800,2022,500000,,,273.8225629791894852
H117070873584,2830,17/3/2022,19/8/2022,60,0,10,Consumer,66036.00,0.00,0.00,2.99,878.13,Monthly,Tier1,New,,Yes,66386.00,108.88,NSW,,155,,58295538.1800,2022,500000,,,3225.8064516129032258
H117074079124,2208,18/3/2022,20/3/2029,84,73,10,Consumer,44522.00,39216.00,0.00,2.99,588.08,Monthly,Tier1,New,,Yes,64879.00,74.33,NSW,,2559,,38154042.3200,2022,500000,,,195.3888237592809691
H117077648349,3094,18/3/2022,20/3/2029,84,73,10,Consumer,46834.20,41252.68,0.00,2.99,618.62,Monthly,Tier1,New,,Yes,64984.20,78.19,VIC,,2559,,40200525.8040,2022,500000,,,195.3888237592809691
H117102814706,3336,18/3/2022,22/3/2027,60,49,10,Consumer,59740.20,51777.72,0.00,2.99,772.67,Monthly,Tier1,New,,Yes,64740.00,99.73,VIC,,1830,,50022655.8000,2022,500000,,,273.2240437158469945
H117105667319,2166,18/3/2022,20/3/2029,84,73,10,Consumer,80059.00,70517.83,0.00,2.99,1057.48,Monthly,Tier1,New,,Yes,80209.00,109.07,NSW,,2559,,84819413.3200,2022,500000,,,195.3888237592809691
H117109085794,2483,18/3/2022,20/3/2025,36,25,10,Commercial,33299.00,23444.89,0.00,2.99,968.22,Monthly,TierB,Used,,Yes,66649.00,56.82,NSW,,1098,,64530894.7800,2022,500000,,,455.3734061930783242
H117117224961,2099,18/3/2022,22/3/2027,60,49,10,Commercial,64647.00,53518.19,0.00,2.99,1161.33,Monthly,TierA,New,,Yes,64958.00,107.92,NSW,,1830,,75437674.1400,2022,500000,,,273.2240437158469945
H117131724654,4170,18/3/2022,22/3/2027,60,49,10,Commercial,45000.00,37253.37,0.00,2.99,808.39,Monthly,TierA,New,,Yes,64912.00,75.13,QLD,,1830,,52474211.6800,2022,500000,,,273.2240437158469945
H117135160547,4210,18/3/2022,24/10/2022,84,0,10,Consumer,59192.00,0.00,0.00,2.99,781.85,Monthly,Tier1,New,,Yes,63542.00,98.82,QLD,,220,,49680312.7000,2022,500000,,,2272.7272727272727273
H117160445396,4218,18/3/2022,22/3/2027,60,49,10,Consumer,64764.00,55859.32,0.00,2.99,961.95,Monthly,Tier1,New,,Yes,65109.00,108.12,QLD,,1830,,62631602.5500,2022,500000,,,273.2240437158469945
H117171963316,2118,18/3/2022,22/3/2027,60,49,10,Consumer,64659.00,57569.75,0.00,2.99,798.71,Monthly,Tier2,New,,Yes,67000.00,107.94,NSW,,1830,,53513570.0000,2022,500000,,,273.2240437158469945
H117213630462,3168,18/3/2022,20/3/2029,84,73,10,Consumer,53401.00,47621.81,584.42,2.99,705.36,Monthly,Tier1,New,,Yes,66751.40,89.15,VIC,,2559,,47083767.5040,2022,500000,,,195.3888237592809691
H117214983283,4160,18/3/2022,22/3/2027,60,49,10,Commercial,80058.00,66961.09,0.00,5.35,1523.66,Monthly,TierA,Used,,Yes,83000.00,108.54,QLD,,1830,,126463780.0000,2022,500000,,,273.2240437158469945
H117215598503,4066,18/3/2022,22/3/2027,60,49,10,Consumer,75234.00,68084.55,0.00,3.49,860.88,Monthly,Tier1,New,,Yes,94885.00,85.52,QLD,,1830,,81684598.8000,2022,500000,,,273.2240437158469945
H117281883961,2175,18/3/2022,20/3/2029,84,73,10,Commercial,63298.00,55754.31,0.00,2.99,836.09,Monthly,TierA,New,,Yes,79133.00,86.24,NSW,,2559,,66162309.9700,2022,500000,,,195.3888237592809691
H117287113141,2017,19/3/2022,20/3/2029,84,73,10,Consumer,74269.00,66108.10,651.25,2.99,981.00,Monthly,Tier1,New,,Yes,80412.00,101.18,NSW,,2558,,78884172.0000,2022,500000,,,195.4652071931196247
H117293746957,2028,19/3/2022,22/3/2027,60,49,10,Commercial,65091.00,53885.70,0.00,2.99,1169.31,Monthly,TierB,New,,Yes,95030.00,75.27,NSW,,1829,,111119529.3000,2022,500000,,,273.3734281027884090
H117295876657,2486,19/3/2022,20/10/2025,60,32,10,Commercial,35000.00,18752.40,0.00,2.99,628.74,Monthly,TierC,New,,Yes,66624.00,57.71,NSW,,1311,,41889173.7600,2022,500000,,,381.3882532418001526
H117296377333,4170,20/3/2022,20/3/2029,84,73,10,Consumer,79852.00,70335.54,0.00,2.99,1054.74,Monthly,Tier1,New,,Yes,80006.00,108.79,QLD,,2557,,84385528.4400,2022,500000,,,195.5416503715291357
H117309259734,5121,21/3/2022,21/3/2029,84,73,10,Consumer,48650.00,42852.21,0.00,2.99,642.60,Monthly,Tier1,New,,Yes,64723.00,81.22,SA,,2557,,41590999.8000,2022,500000,,,195.5416503715291357
H117311360682,3185,21/3/2022,23/3/2026,48,37,10,Consumer,43401.40,37566.71,0.00,2.99,632.74,Monthly,Tier1,New,,Yes,66751.40,72.46,VIC,,1463,,42236280.8360,2022,500000,,,341.7634996582365003
H117312212818,2261,21/3/2022,21/3/2029,84,73,10,Commercial,54214.00,47753.07,0.00,2.99,716.10,Monthly,TierA,New,,Yes,66375.00,90.51,NSW,,2557,,47531137.5000,2022,500000,,,195.5416503715291357
H117338296286,3180,21/3/2022,14/11/2022,60,0,10,Consumer,26492.00,0.00,0.00,2.99,475.90,Monthly,Tier1,New,,Yes,65192.00,44.23,VIC,,238,,31024872.8000,2022,500000,,,2100.8403361344537815
H117351557718,2000,21/3/2022,21/3/2029,84,73,10,Consumer,66018.00,58541.33,0.00,4.56,919.50,Monthly,Tier1,New,,Yes,64879.00,110.21,NSW,,2557,,59656240.5000,2022,500000,,,195.5416503715291357
H117360707254,3012,21/3/2022,22/3/2027,60,49,10,Consumer,20305.40,16809.95,0.00,2.99,364.77,Monthly,Tier1,New,,Yes,66751.40,33.90,VIC,,1827,,24348908.1780,2022,500000,,,273.6726874657909141
H117363115485,2137,21/3/2022,22/3/2027,60,49,10,Commercial,63363.00,52455.46,0.00,2.99,1138.26,Monthly,TierA,New,,Yes,63513.00,105.78,NSW,,1827,,72294307.3800,2022,500000,,,273.6726874657909141
H117371398187,4055,21/3/2022,21/3/2029,84,73,10,Consumer,78525.00,69166.79,0.00,2.99,1037.22,Monthly,Tier1,New,,Yes,78680.00,106.98,QLD,,2557,,81608469.6000,2022,500000,,,195.5416503715291357
H117407469646,2117,21/3/2022,22/3/2027,60,49,10,Commercial,64650.00,57441.76,0.00,2.99,809.38,Monthly,TierA,New,,Yes,65000.00,106.60,NSW,,1827,,52609700.0000,2022,500000,,,273.6726874657909141
H117415537256,4120,21/3/2022,21/3/2029,84,73,10,Consumer,61554.00,54218.30,0.00,2.99,813.05,Monthly,Tier1,New,,Yes,76904.00,92.63,QLD,,2557,,62526797.2000,2022,500000,,,195.5416503715291357
H117416806578,4211,21/3/2022,22/3/2027,60,49,10,Commercial,76953.00,63706.92,0.00,2.99,1382.40,Monthly,TierA,New,,Yes,77189.00,105.13,QLD,,1827,,106706073.6000,2022,500000,,,273.6726874657909141
H117449398408,2064,21/3/2022,22/2/2027,72,48,10,Consumer,65262.00,44177.51,0.00,2.99,991.27,Monthly,Tier1,New,,Yes,80412.00,88.91,NSW,,1799,,79710003.2400,2022,500000,,,277.9321845469705392
H117492711615,2250,21/3/2022,23/3/2026,48,37,10,Consumer,45947.00,39531.52,0.00,2.99,691.27,Monthly,Tier1,New,,Yes,66304.00,76.71,NSW,,1463,,45833966.0800,2022,500000,,,341.7634996582365003
H117512903495,4509,21/3/2022,21/3/2024,24,13,10,Consumer,29655.00,16287.91,0.00,2.99,1274.47,Monthly,Tier1,New,,Yes,63579.00,49.51,QLD,,731,,81029528.1300,2022,500000,,,683.9945280437756498
H117523296018,4557,21/3/2022,21/3/2029,84,73,10,Consumer,54717.00,48196.58,0.00,2.99,722.74,Monthly,Tier1,New,,Yes,65109.00,91.35,QLD,,2557,,47056878.6600,2022,500000,,,195.5416503715291357
H117539235560,4740,22/3/2022,22/2/2029,84,72,10,Consumer,47717.74,41900.70,0.00,7.45,730.73,Monthly,Tier2,Used,,No,46868.00,129.49,QLD,,2529,,34247853.6400,2022,500000,,,197.7066034005535785
H117540563842,2350,22/3/2022,24/3/2025,36,25,10,Consumer,21489.00,15367.59,0.00,6.48,658.42,Monthly,Tier1,New,,No,59000.00,39.68,NSW,,1098,,38846780.0000,2022,500000,,,455.3734061930783242
H117544258916,2567,22/3/2022,22/3/2029,84,73,10,Consumer,65226.00,57452.69,0.00,2.99,861.55,Monthly,Tier1,New,,Yes,95387.00,75.20,NSW,,2557,,82180669.8500,2022,500000,,,195.5416503715291357
H117547265040,2164,22/3/2022,22/3/2029,84,73,10,Consumer,30284.00,27130.46,0.00,7.08,458.25,Monthly,Tier1,New,,No,43795.00,79.72,NSW,,2557,,20069058.7500,2022,500000,,,195.5416503715291357
H117548705564,3199,22/3/2022,22/3/2029,84,73,10,Consumer,36093.00,32444.24,0.00,7.95,561.65,Monthly,Tier2,Used,,No,34494.00,123.10,VIC,,2557,,19373555.1000,2022,500000,,,195.5416503715291357
H117554472365,3756,22/3/2022,22/3/2027,60,49,10,Consumer,21489.00,17891.67,0.00,4.29,398.57,Monthly,Tier1,New,,No,31761.81,79.62,VIC,,1826,,12659304.6117,2022,500000,,,273.8225629791894852
H117555339543,4350,22/3/2022,22/3/2027,60,49,10,Consumer,17539.00,14830.14,0.00,7.95,355.20,Monthly,Tier1,Used,,No,18200.00,94.40,QLD,,1826,,6464640.0000,2022,500000,,,273.8225629791894852
H117558845442,3123,22/3/2022,22/3/2029,84,73,10,Consumer,63401.40,55845.50,0.00,2.99,837.45,Monthly,Tier1,New,,Yes,66751.40,105.85,VIC,,2557,,55900959.9300,2022,500000,,,195.5416503715291357
H117560688365,6061,22/3/2022,22/3/2029,84,73,10,Consumer,37412.00,33701.64,0.00,8.55,593.41,Monthly,Tier2,Used,,No,34990.00,108.82,WA,,2557,,20763415.9000,2022,500000,,,195.5416503715291357
H117569667730,4370,22/3/2022,22/9/2028,84,67,10,Consumer,46572.35,41564.63,0.00,6.48,750.00,Monthly,Tier1,New,,No,47583.35,119.60,QLD,,2376,,35687512.5000,2022,500000,,,210.4377104377104377
H117572433671,3109,22/3/2022,22/3/2029,84,73,10,Consumer,19797.10,17691.36,0.00,6.45,293.49,Monthly,Tier1,Used,,No,21298.10,94.72,VIC,,2557,,6250779.3690,2022,500000,,,195.5416503715291357
H117578439295,3184,22/3/2022,22/3/2029,84,73,10,Consumer,61843.00,54438.82,0.00,2.99,820.00,Monthly,Tier1,New,,Yes,62193.00,101.97,VIC,,2557,,50998260.0000,2022,500000,,,195.5416503715291357
H117590437815,3074,22/3/2022,28/3/2025,36,25,10,Commercial,41489.00,30874.56,0.00,6.67,1274.80,Monthly,TierA,Used,,No,41500.00,128.45,VIC,,1102,,52904200.0000,2022,500000,,,453.7205081669691470
H117594414392,4053,22/3/2022,22/3/2029,84,73,10,Consumer,35923.26,32106.02,0.00,6.48,533.09,Monthly,Tier1,New,,No,38319.26,111.95,QLD,,2557,,20427614.3134,2022,500000,,,195.5416503715291357
H117596741083,2040,22/3/2022,22/3/2027,60,49,10,Consumer,36049.00,30014.34,0.00,4.29,668.62,Monthly,Tier1,New,,No,50804.16,73.89,NSW,,1826,,33968677.4592,2022,500000,,,273.8225629791894852
H117601977875,4701,22/3/2022,22/3/2027,60,49,10,Consumer,35474.00,29625.09,0.00,4.99,669.27,Monthly,Tier1,New,,No,59500.00,68.27,QLD,,1826,,39821565.0000,2022,500000,,,273.8225629791894852
H117603016508,2611,22/3/2022,22/3/2029,84,73,10,Consumer,65023.00,57273.87,0.00,2.99,858.87,Monthly,Tier1,New,,Yes,75383.00,101.36,ACT,,2557,,64744197.2100,2022,500000,,,195.5416503715291357
H117604044079,3806,22/3/2022,23/3/2026,48,37,10,Consumer,30797.09,24403.47,0.00,6.15,725.39,Monthly,Tier1,Used,,No,29258.09,70.15,VIC,,1462,,21223525.9051,2022,500000,,,341.9972640218878249
H117613943682,7331,22/3/2022,22/3/2029,84,73,10,Consumer,34479.00,31180.96,0.00,9.55,564.40,Monthly,Tier2,Used,,No,39990.00,85.90,TAS,,2557,,22570356.0000,2022,500000,,,195.5416503715291357
H117614424031,4163,22/3/2022,22/3/2029,84,73,10,Consumer,56174.80,50307.34,0.00,6.99,847.55,Monthly,Tier1,Used,,No,58935.80,131.56,QLD,,2557,,49951037.2900,2022,500000,,,195.5416503715291357
H117621818119,6110,22/3/2022,22/3/2029,84,73,10,Consumer,67774.00,60133.78,0.00,4.49,941.75,Monthly,Tier1,New,,Yes,67680.62,113.15,WA,,2557,,63738223.8850,2022,500000,,,195.5416503715291357
H117622696517,4209,22/3/2022,1/3/2027,60,49,10,Consumer,77044.00,63720.71,0.00,2.99,1384.03,Monthly,Tier2,New,,Yes,77194.00,104.18,QLD,,1805,,106838811.8200,2022,500000,,,277.0083102493074792
H117635698325,4702,22/3/2022,23/2/2026,60,36,10,Consumer,35979.00,22843.30,0.00,6.45,703.12,Monthly,Tier1,Used,,No,34990.00,129.51,QLD,,1434,,24602168.8000,2022,500000,,,348.6750348675034868
H117643669596,4817,22/3/2022,22/3/2029,84,73,10,Consumer,49862.89,44166.38,0.00,4.29,688.24,Monthly,Tier1,New,,No,50373.89,103.88,QLD,,2557,,34669326.0536,2022,500000,,,195.5416503715291357
H117645921339,2065,22/3/2022,22/3/2029,84,73,10,Consumer,66097.00,58219.84,0.00,2.99,873.06,Monthly,Tier1,New,,Yes,66454.00,110.35,NSW,,2557,,58018329.2400,2022,500000,,,195.5416503715291357
H117646627211,4753,22/3/2022,18/6/2029,84,76,10,Consumer,41489.00,39599.94,772.33,8.22,651.21,Monthly,Tier1,Used,,No,44488.00,112.16,QLD,,2645,,28971030.4800,2022,500000,,,189.0359168241965974
H117647206271,4118,22/3/2022,22/3/2027,60,49,10,Commercial,82992.06,69251.75,0.00,4.80,1558.56,Monthly,TierA,New,,No,82500.00,109.63,QLD,,1826,,128581200.0000,2022,500000,,,273.8225629791894852
H117651149399,3023,22/3/2022,22/3/2029,84,73,10,Consumer,51934.46,9416.00,0.00,3.99,145.45,Monthly,Tier1,New,,No,50445.46,84.20,VIC,,2557,,7337292.1570,2022,500000,,,195.5416503715291357
H117652138692,5076,22/3/2022,22/10/2026,60,44,10,Consumer,48999.01,39974.81,0.00,4.50,990.10,Monthly,Tier1,New,,No,69000.01,75.30,SA,,1675,,68316909.9010,2022,500000,,,298.5074626865671642
H117653082329,3818,22/3/2022,22/3/2029,84,73,10,Consumer,29243.05,26347.08,0.00,8.55,463.84,Monthly,Tier2,Used,,No,28254.05,139.25,VIC,,2557,,13105358.5520,2022,500000,,,195.5416503715291357
H117661793816,6025,22/3/2022,22/3/2027,60,49,10,Consumer,28149.00,23688.61,0.00,6.80,554.73,Monthly,Tier1,Used,,No,27500.00,95.18,WA,,1826,,15255075.0000,2022,500000,,,273.8225629791894852
H117662266573,4551,22/3/2022,30/1/2023,60,0,10,Commercial,20231.68,0.00,0.00,13.99,470.65,Monthly,TierC2,Used,,No,23709.70,99.96,QLD,,314,,11158970.3050,2022,500000,,,1592.3566878980891720
H117663982779,3977,22/3/2022,22/3/2029,84,73,10,Consumer,40909.00,36557.61,0.00,6.45,606.48,Monthly,Tier1,Used,,No,39750.00,128.00,VIC,,2557,,24107580.0000,2022,500000,,,195.5416503715291357
H117668990619,2160,22/3/2022,22/3/2027,60,49,10,Commercial,53848.00,45275.80,0.00,6.59,1055.86,Monthly,TierA,New,,No,53359.00,112.18,NSW,,1826,,56339633.7400,2022,500000,,,273.8225629791894852
H117671048317,4077,22/3/2022,24/3/2025,36,25,10,Consumer,43234.00,30439.91,0.00,2.99,1257.10,Monthly,Tier1,New,,Yes,63584.00,72.18,QLD,,1098,,79931446.4000,2022,500000,,,455.3734061930783242
H117678321975,2485,22/3/2022,22/3/2027,60,49,10,Consumer,33539.00,27986.24,0.00,4.80,629.85,Monthly,Tier1,Used,,No,40000.00,99.52,NSW,,1826,,25194000.0000,2022,500000,,,273.8225629791894852
H117680154704,4815,22/3/2022,25/3/2027,60,49,10,Consumer,16489.00,14241.98,0.00,8.45,337.89,Monthly,Tier1,Used,,No,15000.00,137.41,QLD,,1829,,5068350.0000,2022,500000,,,273.3734281027884090
H117684078042,4209,22/3/2022,22/3/2029,84,73,10,Commercial,24039.00,21694.33,0.00,8.99,386.64,Monthly,TierA,Used,,No,31500.00,86.63,QLD,,2557,,12179160.0000,2022,500000,,,195.5416503715291357
H117688611372,4209,22/3/2022,22/3/2029,84,73,10,Consumer,41474.00,36781.51,0.00,4.59,578.23,Monthly,Tier1,New,,No,63500.00,62.93,QLD,,2557,,36717605.0000,2022,500000,,,195.5416503715291357
H117689018080,2530,22/3/2022,22/3/2027,60,49,10,Consumer,35949.00,30150.03,0.00,5.99,694.82,Monthly,Tier1,New,,No,34460.00,110.65,NSW,,1826,,23943497.2000,2022,500000,,,273.8225629791894852
H117702049421,3338,22/3/2022,22/3/2028,72,61,10,Consumer,56401.40,48435.51,0.00,2.99,856.69,Monthly,Tier1,New,,Yes,66571.00,94.16,VIC,,2192,,57030709.9900,2022,500000,,,228.1021897810218978
H117708507542,2777,22/3/2022,24/3/2025,36,25,10,Commercial,16099.54,11451.04,0.00,5.25,484.32,Monthly,TierA,Used,,No,15000.54,34.86,NSW,,1098,,7265061.5328,2022,500000,,,455.3734061930783242
H117715730926,2609,22/3/2022,22/3/2027,60,49,10,Commercial,44489.00,37234.39,0.00,5.49,849.58,Monthly,TierA,New,,No,44000.00,99.00,ACT,,1826,,37381520.0000,2022,500000,,,273.8225629791894852
H117716232718,4670,22/3/2022,22/3/2029,84,73,10,Consumer,58000.00,51087.76,0.00,2.99,766.11,Monthly,Tier1,New,,Yes,65114.00,96.83,QLD,,2557,,49884486.5400,2022,500000,,,195.5416503715291357
H117721883891,4655,23/3/2022,23/3/2027,60,49,10,Consumer,75057.00,64848.50,0.00,2.99,1104.86,Monthly,Tier1,New,,Yes,78680.00,102.26,QLD,,1826,,86930384.8000,2022,500000,,,273.8225629791894852
H117722127604,4556,23/3/2022,16/1/2023,60,0,10,Consumer,51120.20,0.00,0.00,2.99,549.43,Monthly,Tier1,New,,Yes,68120.20,83.33,VIC,,299,,37427281.4860,2022,500000,,,1672.2408026755852843
H117732390672,4557,23/3/2022,23/3/2029,84,73,10,Consumer,46973.00,41375.13,0.00,2.99,620.45,Monthly,Tier1,New,,Yes,65828.00,78.42,QLD,,2557,,40842982.6000,2022,500000,,,195.5416503715291357
H117749722452,3029,23/3/2022,24/3/2025,36,25,10,Consumer,62838.00,54087.14,0.00,2.99,943.33,Monthly,Tier1,New,,Yes,66488.00,104.90,VIC,,1097,,62720125.0400,2022,500000,,,455.7885141294439380
H117758723852,4171,23/3/2022,23/3/2027,60,49,10,Consumer,44229.00,36615.27,0.00,2.99,794.54,Monthly,Tier1,New,,Yes,63584.00,73.84,QLD,,1826,,50520031.3600,2022,500000,,,273.8225629791894852
H117775090148,4573,23/3/2022,23/3/2027,60,49,10,Commercial,54229.00,46648.29,0.00,2.99,816.67,Monthly,TierA,New,,Yes,63628.00,89.41,QLD,,1826,,51963078.7600,2022,500000,,,273.8225629791894852
H117795996827,3752,23/3/2022,23/3/2027,60,49,10,Commercial,63346.40,56464.82,0.00,2.99,776.79,Monthly,TierB,New,,Yes,66696.40,105.75,VIC,,1826,,51809096.5560,2022,500000,,,273.8225629791894852
H117817939783,3178,23/3/2022,23/3/2029,84,73,10,Consumer,29210.00,25729.02,0.00,2.99,385.82,Monthly,Tier3,New,,Yes,68210.20,48.76,VIC,,2557,,26316859.3640,2022,500000,,,195.5416503715291357
H117824515117,4174,23/3/2022,23/3/2029,84,73,10,Consumer,42775.00,37677.41,0.00,2.99,565.00,Monthly,Tier1,New,,Yes,65114.00,71.41,QLD,,2557,,36789410.0000,2022,500000,,,195.5416503715291357
H117872166738,2900,23/3/2022,23/3/2029,84,73,10,Consumer,60000.00,52849.64,0.00,2.99,792.52,Monthly,Tier2,New,,Yes,65255.00,100.17,ACT,,2557,,51715892.6000,2022,500000,,,195.5416503715291357
H117883778278,3000,23/3/2022,23/3/2027,60,49,10,Commercial,63366.40,54183.00,0.00,2.99,983.49,Monthly,TierA,New,,Yes,66716.40,104.48,VIC,,1826,,65614912.2360,2022,500000,,,273.8225629791894852
H117899914646,2047,23/3/2022,23/3/2027,60,49,10,Consumer,32397.00,29133.31,0.00,2.99,374.31,Monthly,Tier1,New,,Yes,67109.00,54.09,NSW,,1826,,25119569.7900,2022,500000,,,273.8225629791894852
H117920184631,3029,23/3/2022,23/3/2027,60,49,10,Commercial,40787.60,37134.14,0.00,2.99,430.36,Monthly,TierB,New,,Yes,65137.60,68.09,VIC,,1826,,28032617.5360,2022,500000,,,273.8225629791894852
H117968143790,3141,24/3/2022,26/3/2029,84,73,10,Consumer,39967.60,35642.08,0.00,2.99,527.92,Monthly,Tier1,New,,Yes,65317.60,66.72,VIC,,2559,,34482467.3920,2022,500000,,,195.3888237592809691
H118008591115,3029,24/3/2022,26/3/2029,84,73,10,Consumer,63080.00,56253.06,0.00,2.99,833.21,Monthly,Tier1,New,,Yes,67430.00,103.41,VIC,,2559,,56183350.3000,2022,500000,,,195.3888237592809691
H118009767048,3058,24/3/2022,26/3/2029,84,73,10,Commercial,61807.60,55118.41,0.00,2.99,816.40,Monthly,TierA,New,,Yes,61807.60,103.18,VIC,,2559,,50459724.6400,2022,500000,,,195.3888237592809691
H118114949216,2258,24/3/2022,26/3/2029,84,73,10,Consumer,63650.00,56761.49,0.00,2.99,840.73,Monthly,Tier1,New,,Yes,64661.00,106.26,NSW,,2559,,54362442.5300,2022,500000,,,195.3888237592809691
H118242615799,4110,25/3/2022,30/3/2027,60,49,10,Commercial,49840.00,42864.38,0.00,2.99,814.69,Monthly,TierB,New,,Yes,65153.00,82.18,QLD,,1831,,53079497.5700,2022,500000,,,273.0748225013653741
H118244726172,3088,25/3/2022,27/3/2029,84,73,10,Consumer,83745.63,74973.12,0.00,3.99,1144.31,Monthly,Tier1,New,,Yes,85745.63,110.34,VIC,,2559,,98119581.8653,2022,500000,,,195.3888237592809691
H118408727520,3183,28/3/2022,28/3/2029,84,73,10,Consumer,97056.00,86565.70,0.00,2.99,1281.99,Monthly,Tier1,New,,Yes,97206.00,110.33,VIC,,2557,,124617119.9400,2022,500000,,,195.5416503715291357
H118426416346,4213,28/3/2022,30/3/2027,60,49,10,Consumer,66289.00,59586.06,0.00,2.99,829.93,Monthly,Tier2,New,,Yes,66644.00,110.67,QLD,,1828,,55309854.9200,2022,500000,,,273.5229759299781182
H118879251862,3978,30/3/2022,23/1/2023,84,0,9,Consumer,60353.80,0.00,0.00,2.99,797.20,Monthly,Tier2,New,,Yes,63703.80,100.76,VIC,,299,,50784669.3600,2022,500000,,,1672.2408026755852843
H118949840708,4055,31/3/2022,30/3/2028,72,61,9,Consumer,70707.00,62457.73,0.00,6.48,1187.90,Monthly,Tier1,New,,No,70158.00,118.30,QLD,,2191,,83340688.2000,2022,500000,,,228.2062984938384299
H118956056421,4304,31/3/2022,3/4/2029,84,74,9,Consumer,31505.94,28461.18,0.00,6.46,467.23,Monthly,Tier1,Used,,No,29966.94,86.46,QLD,,2560,,14001453.3762,2022,500000,,,195.3125000000000000
H118957376051,4121,31/3/2022,3/4/2029,84,74,9,Consumer,51039.00,46403.06,0.00,8.29,802.89,Monthly,Tier2,Used,,No,49500.00,126.02,QLD,,2560,,39743055.0000,2022,500000,,,195.3125000000000000
H118963901382,2330,31/3/2022,3/4/2029,84,74,9,Consumer,43989.00,39849.12,0.00,7.25,669.30,Monthly,Tier2,Used,,No,43000.00,133.79,NSW,,2560,,28779900.0000,2022,500000,,,195.3125000000000000
H118964612865,2334,31/3/2022,3/4/2029,84,74,9,Consumer,43989.00,39873.42,0.00,7.25,669.30,Monthly,Tier3,New,,No,42500.00,119.89,NSW,,2560,,28445250.0000,2022,500000,,,195.3125000000000000
H118968505429,3220,31/3/2022,3/4/2029,84,74,9,Consumer,41570.60,37211.45,0.00,3.99,568.02,Monthly,Tier1,New,,No,50572.60,80.01,VIC,,2560,,28726248.2520,2022,500000,,,195.3125000000000000
H118969693012,2535,31/3/2022,30/3/2026,48,37,9,Consumer,22369.00,18513.44,0.00,9.95,566.79,Monthly,Tier2,Used,,No,20770.00,110.74,NSW,,1460,,11772228.3000,2022,500000,,,342.4657534246575342
H118970267910,4118,31/3/2022,30/3/2027,60,49,9,Consumer,44996.50,38714.83,0.00,8.15,915.60,Monthly,Tier1,Used,,No,42497.50,118.91,QLD,,1825,,38910711.0000,2022,500000,,,273.9726027397260274
H118973123520,2150,31/3/2022,30/1/2024,60,11,9,Consumer,21489.00,4569.62,0.00,5.99,415.34,Monthly,Tier2,New,,No,53295.00,42.20,NSW,,670,,22135545.3000,2022,500000,,,746.2686567164179104
H118976581285,2086,31/3/2022,31/3/2025,36,25,9,Commercial,18948.00,14077.97,0.00,6.98,584.88,Monthly,TierA,Used,,No,18000.00,54.40,NSW,,1096,,10527840.0000,2022,500000,,,456.2043795620437956
H118979866921,2086,31/3/2022,31/3/2025,36,25,9,Commercial,19814.73,14721.87,0.00,6.98,611.64,Monthly,TierA,Used,,No,18866.73,44.91,NSW,,1096,,11539646.7372,2022,500000,,,456.2043795620437956
H118980032594,2068,31/3/2022,30/3/2026,48,37,9,Consumer,78049.01,63330.83,0.00,5.78,1825.12,Monthly,Tier1,New,,No,79000.01,108.33,NSW,,1460,,144184498.2512,2022,500000,,,342.4657534246575342
H118981494915,2557,31/3/2022,1/3/2029,84,73,9,Consumer,60499.00,53611.30,0.00,5.50,869.37,Monthly,Tier1,New,,No,64590.00,91.80,NSW,,2527,,56152608.3000,2022,500000,,,197.8630787495053423
H118982357828,4879,31/3/2022,23/5/2022,60,59,1,Consumer,33628.70,0.00,0.00,8.75,200.00,Monthly,Tier1,Used,,No,46379.70,110.99,QLD,,53,,9275940.0000,2022,500000,,,9433.9622641509433962
H118991542919,4810,31/3/2022,30/4/2026,60,38,9,Consumer,41489.00,34538.89,0.00,5.45,990.00,Monthly,Tier2,New,,No,76224.64,58.44,QLD,,1491,,75462393.6000,2022,500000,,,335.3454057679409792
H118992914661,2913,31/3/2022,3/4/2029,84,74,9,Consumer,16990.00,15305.68,0.00,5.69,245.68,Monthly,Tier2,New,,No,35001.00,54.82,ACT,,2560,,8599045.6800,2022,500000,,,195.3125000000000000
H118994344979,4211,31/3/2022,30/3/2027,60,49,9,Consumer,9299.00,7960.47,0.00,6.78,183.16,Monthly,Tier1,New,,No,21700.00,44.10,QLD,,1825,,3974572.0000,2022,500000,,,273.9726027397260274
H118996282682,4165,31/3/2022,7/2/2023,84,0,9,Consumer,51089.00,0.00,0.00,5.13,725.21,Monthly,Tier1,New,,No,52590.00,104.26,QLD,,313,,38138793.9000,2022,500000,,,1597.4440894568690096
H118999488436,3192,31/3/2022,31/3/2025,36,25,9,Commercial,16186.10,12000.90,0.00,6.45,495.71,Monthly,TierA,Used,,No,14867.10,67.16,VIC,,1096,,7369770.1410,2022,500000,,,456.2043795620437956
H119001125816,2287,31/3/2022,30/8/2023,36,6,9,Consumer,17774.00,3378.06,0.00,8.99,565.12,Monthly,Tier1,Used,,No,16785.00,125.17,NSW,,517,,9485539.2000,2022,500000,,,967.1179883945841393
H119006903017,5115,31/3/2022,3/4/2029,84,74,9,Consumer,36998.00,33383.95,0.00,6.14,542.97,Monthly,Tier1,Used,,No,40749.00,109.53,SA,,2560,,22125484.5300,2022,500000,,,195.3125000000000000
H119007698841,3153,31/3/2022,30/3/2027,60,49,9,Consumer,44509.00,37787.85,0.00,4.61,832.01,Monthly,Tier1,New,,No,43350.00,124.66,VIC,,1825,,36067633.5000,2022,500000,,,273.9726027397260274
H119009605625,2765,31/3/2022,3/4/2029,84,74,9,Consumer,41810.00,37579.58,0.00,5.08,592.51,Monthly,Tier1,New,,No,40761.00,113.03,NSW,,2560,,24151300.1100,2022,500000,,,195.3125000000000000
H119014066418,3996,31/3/2022,2/4/2024,84,14,9,Consumer,65190.60,17408.90,0.00,5.25,1300.00,Monthly,Tier1,New,,No,64291.60,106.80,VIC,,733,,83579080.0000,2022,500000,,,682.1282401091405184
H119016747416,2480,31/3/2022,3/4/2029,84,74,9,Consumer,57289.00,51934.22,0.00,7.45,877.30,Monthly,Tier1,Used,,No,55800.00,107.84,NSW,,2560,,48953340.0000,2022,500000,,,195.3125000000000000
H119021295626,6019,31/3/2022,30/3/2027,60,49,9,Consumer,57088.05,48809.71,0.00,6.45,1115.65,Monthly,Tier1,Used,,No,55549.05,139.24,WA,,1825,,61973297.6325,2022,500000,,,273.9726027397260274
H119025999503,2095,31/3/2022,31/3/2025,36,25,9,Consumer,30449.00,22465.55,0.00,5.49,919.29,Monthly,Tier1,New,,No,69733.00,46.03,NSW,,1096,,64104849.5700,2022,500000,,,456.2043795620437956
H119026010246,2088,31/3/2022,30/3/2027,60,49,9,Consumer,42049.00,35954.99,0.00,6.45,821.75,Monthly,Tier1,Used,,No,48500.00,116.80,NSW,,1825,,39854875.0000,2022,500000,,,273.9726027397260274
H119027290578,2206,31/3/2022,30/3/2027,60,49,9,Consumer,20859.00,17770.62,0.00,5.50,398.43,Monthly,Tier1,Used,,No,39700.00,61.17,NSW,,1825,,15817671.0000,2022,500000,,,273.9726027397260274
H119028697343,4034,31/3/2022,30/3/2027,60,49,9,Consumer,37384.00,31760.39,0.00,4.78,701.72,Monthly,Tier1,New,,No,36285.00,115.06,QLD,,1825,,25461910.2000,2022,500000,,,273.9726027397260274
H119029434402,3218,31/3/2022,31/8/2026,60,42,9,Consumer,26489.00,22125.30,0.00,7.49,590.10,Monthly,Tier2,Used,,No,32550.00,97.60,VIC,,1614,,19207755.0000,2022,500000,,,309.7893432465923172
H119032707035,2747,31/3/2022,3/4/2029,84,74,9,Consumer,34199.00,30871.70,0.00,6.26,503.87,Monthly,Tier1,Used,,No,31755.00,126.48,NSW,,2560,,16000391.8500,2022,500000,,,195.3125000000000000
H119033511272,2259,31/3/2022,30/3/2027,60,49,9,Consumer,35749.00,30565.04,0.00,6.45,698.63,Monthly,Tier1,Used,,No,36000.00,105.89,NSW,,1825,,25150680.0000,2022,500000,,,273.9726027397260274
H119035131456,6284,31/3/2022,30/4/2026,84,38,9,Consumer,38649.00,19170.08,0.00,4.80,542.63,Monthly,Tier1,New,,No,37850.00,120.82,WA,,1491,,20538545.5000,2022,500000,,,335.3454057679409792
H119037672829,5109,31/3/2022,22/3/2027,60,49,9,Consumer,36849.00,30835.42,0.00,5.95,711.53,Monthly,Tier1,New,,No,37587.49,123.99,SA,,1817,,26744626.7597,2022,500000,,,275.1788662630709961
H119040602294,2322,31/3/2022,30/9/2027,66,55,9,Consumer,76539.00,67132.11,0.00,8.55,1457.69,Monthly,Tier2,Used,,No,75000.00,118.85,NSW,,2009,,109326750.0000,2022,500000,,,248.8800398208063713
H119043273072,3068,31/3/2022,30/3/2027,60,49,9,Commercial,52987.21,44966.56,0.00,4.50,987.84,Monthly,TierA,New,,No,68160.00,83.00,VIC,,1825,,67331174.4000,2022,500000,,,273.9726027397260274
H119045225243,7315,31/3/2022,31/3/2025,36,25,9,Commercial,37299.00,27766.59,0.00,7.48,1159.88,Monthly,TierB,Used,,No,37030.00,97.85,TAS,,1096,,42950356.4000,2022,500000,,,456.2043795620437956
H119046408615,4807,31/3/2022,3/4/2029,84,74,9,Consumer,24653.05,22429.10,0.00,8.49,390.29,Monthly,Tier2,Used,,No,30000.00,82.56,QLD,,2560,,11708700.0000,2022,500000,,,195.3125000000000000
H119049606274,4207,31/3/2022,30/12/2024,42,22,9,Consumer,13712.07,7847.80,0.00,6.85,368.10,Monthly,Tier1,Used,,No,12503.07,41.13,QLD,,1005,,4602380.0670,2022,500000,,,497.5124378109452736
H119052149149,2516,31/3/2022,3/4/2029,84,74,9,Consumer,29489.00,26456.78,0.00,4.59,411.13,Monthly,Tier1,New,,No,34000.00,86.76,NSW,,2560,,13978420.0000,2022,500000,,,195.3125000000000000
H119055199289,3121,31/3/2022,3/4/2029,84,74,9,Consumer,66062.00,59784.03,0.00,6.96,995.76,Monthly,Tier1,New,,No,64963.00,100.25,VIC,,2560,,64687556.8800,2022,500000,,,195.3125000000000000
H119066147532,4077,31/3/2022,3/4/2029,84,74,9,Consumer,37839.00,34227.03,0.00,9.55,619.40,Monthly,Tier2,Used,,No,36000.00,109.05,QLD,,2560,,22298400.0000,2022,500000,,,195.3125000000000000
H119067416062,2761,31/3/2022,21/10/2022,84,0,9,Consumer,35919.00,0.00,0.00,5.94,524.00,Monthly,Tier1,New,,No,36430.00,123.90,NSW,,204,,19089320.0000,2022,500000,,,2450.9803921568627451
H119071109605,3116,31/3/2022,3/4/2029,84,74,9,Consumer,34583.96,31307.31,0.00,7.05,522.81,Monthly,Tier1,Used,,No,40063.06,102.02,VIC,,2560,,20945368.3986,2022,500000,,,195.3125000000000000
H119073402852,3152,31/3/2022,20/1/2023,84,0,9,Consumer,78458.29,0.00,0.00,4.89,1104.87,Monthly,Tier1,New,,No,94159.29,100.67,VIC,,295,,104033774.7423,2022,500000,,,1694.9152542372881356
H119077900251,4660,31/3/2022,30/3/2027,60,49,9,Consumer,28574.00,24424.96,0.00,6.39,557.61,Monthly,Tier2,New,,No,27085.00,121.82,QLD,,1825,,15102866.8500,2022,500000,,,273.9726027397260274
H119080354864,4510,31/3/2022,3/4/2029,84,74,9,Consumer,37069.00,33720.37,0.00,8.45,586.11,Monthly,Tier1,Used,,No,34070.00,129.48,QLD,,2560,,19968767.7000,2022,500000,,,195.3125000000000000
H119083065878,4209,31/3/2022,15/9/2022,84,0,9,Consumer,81074.00,0.00,0.00,7.45,1241.53,Monthly,Tier1,Used,,No,81430.00,124.73,QLD,,168,,101097787.9000,2022,500000,,,2976.1904761904761905
H119084591135,5171,31/3/2022,30/3/2028,72,61,9,Consumer,30424.00,26924.57,0.00,6.99,518.55,Monthly,Tier1,Used,,No,32000.00,100.64,SA,,2191,,16593600.0000,2022,500000,,,228.2062984938384299
H119087725675,3966,31/3/2022,30/3/2027,60,49,9,Consumer,37854.00,32117.83,0.00,4.45,704.85,Monthly,Tier1,New,,No,35855.00,121.33,VIC,,1825,,25272396.7500,2022,500000,,,273.9726027397260274
H119088882942,2790,31/3/2022,3/4/2029,84,74,9,Consumer,71887.07,64732.69,0.00,5.58,1035.75,Monthly,Tier1,New,,No,71398.06,111.64,NSW,,2560,,73950540.6450,2022,500000,,,195.3125000000000000
H119095517728,3810,31/3/2022,30/3/2027,60,49,9,Consumer,11379.00,9790.49,0.00,8.15,231.54,Monthly,Tier1,Used,,No,19990.00,70.68,VIC,,1825,,4628484.6000,2022,500000,,,273.9726027397260274
H119102791095,6180,31/3/2022,9/4/2029,84,74,9,Consumer,41199.00,37036.94,0.00,4.80,578.43,Monthly,Tier1,Used,,No,39000.00,96.03,WA,,2566,,22558770.0000,2022,500000,,,194.8558067030397506
H119104980279,4509,31/3/2022,8/6/2022,60,0,9,Consumer,42489.00,0.00,0.00,7.45,850.38,Monthly,Tier1,Used,,No,96800.00,48.08,QLD,,69,,82316784.0000,2022,500000,,,7246.3768115942028986
H119106665738,2148,31/3/2022,30/3/2027,60,49,9,Commercial,53741.29,45728.52,0.00,5.19,1018.84,Monthly,TierA,New,,No,76060.42,84.90,NSW,,1825,,77493398.3128,2022,500000,,,273.9726027397260274
H119107945829,4750,31/3/2022,30/3/2027,60,49,9,Consumer,31039.00,26758.44,0.00,8.69,639.65,Monthly,Tier2,Used,,No,30000.00,101.10,QLD,,1825,,19189500.0000,2022,500000,,,273.9726027397260274
H119110707374,4818,31/3/2022,3/4/2029,84,74,9,Consumer,37053.99,33270.05,0.00,4.80,520.24,Monthly,Tier1,New,,No,35564.99,119.57,QLD,,2560,,18502330.3976,2022,500000,,,195.3125000000000000
H119113537396,4680,31/3/2022,3/4/2029,84,74,9,Consumer,54142.84,48888.81,0.00,6.32,799.28,Monthly,Tier2,Used,,No,53093.84,113.03,QLD,,2560,,42436844.4352,2022,500000,,,195.3125000000000000
H119114360632,4133,31/3/2022,3/4/2029,84,74,9,Consumer,56973.93,51417.83,0.00,6.19,837.50,Monthly,Tier2,New,,No,54974.93,107.01,QLD,,2560,,46041503.8750,2022,500000,,,195.3125000000000000
H119115473725,2570,31/3/2022,30/3/2027,60,49,9,Commercial,35489.00,30330.21,0.00,6.34,691.72,Monthly,TierA,Used,,No,49800.00,87.03,NSW,,1825,,34447656.0000,2022,500000,,,273.9726027397260274
H119116754870,6152,31/3/2022,30/3/2027,60,49,9,Consumer,28479.00,24266.88,19.80,4.50,530.93,Monthly,Tier1,New,,No,27490.00,109.58,WA,,1825,,14595265.7000,2022,500000,,,273.9726027397260274
H119120445721,6175,31/3/2022,25/8/2022,60,0,9,Consumer,76158.00,0.00,0.00,7.77,1535.84,Monthly,Tier1,Used,,No,74999.00,139.77,WA,,147,,115186464.1600,2022,500000,,,3401.3605442176870748
H119121726784,4556,31/3/2022,19/8/2022,84,0,9,Commercial,31772.60,0.00,0.00,6.97,479.06,Monthly,TierA,Used,,No,30278.60,119.00,QLD,,141,,14505266.1160,2022,500000,,,3546.0992907801418440
H119122340741,7310,31/3/2022,30/3/2027,60,49,9,Consumer,40524.00,34442.03,0.00,4.89,762.69,Monthly,Tier1,New,,No,65920.00,72.61,TAS,,1825,,50276524.8000,2022,500000,,,273.9726027397260274
H119123117260,6030,31/3/2022,3/4/2029,84,74,9,Consumer,60239.00,54711.04,0.00,7.99,938.59,Monthly,Tier1,Used,,No,65263.50,97.95,WA,,2560,,61255668.4650,2022,500000,,,195.3125000000000000
H119124679761,4814,31/3/2022,3/4/2029,84,74,9,Consumer,63212.89,57163.07,0.00,6.75,946.34,Monthly,Tier1,Used,,No,61864.89,92.61,QLD,,2560,,58545220.0026,2022,500000,,,195.3125000000000000
H119125408715,6005,31/3/2022,30/10/2026,60,44,9,Consumer,53721.00,44892.44,0.00,9.25,1190.10,Monthly,Tier1,Used,,No,48490.00,84.72,WA,,1674,,57707949.0000,2022,500000,,,298.6857825567502987
H119128255219,2517,31/3/2022,3/5/2027,60,51,9,Consumer,28433.18,24062.67,0.00,3.79,520.95,Monthly,Tier1,New,,Yes,41995.00,52.66,NSW,,1859,,21877295.2500,2022,500000,,,268.9618074233458849
H119135678804,4116,31/3/2022,30/3/2026,48,37,9,Consumer,48270.35,38990.28,0.00,4.95,1110.53,Monthly,Tier1,New,,No,47001.35,131.17,QLD,,1460,,52196409.2155,2022,500000,,,342.4657534246575342
H119144701330,4165,31/3/2022,3/4/2029,84,74,9,Consumer,47162.75,42313.18,0.00,4.59,657.54,Monthly,Tier1,New,,No,46673.75,114.22,QLD,,2560,,30689857.5750,2022,500000,,,195.3125000000000000
H119147928107,2528,1/4/2022,14/9/2022,36,0,9,Consumer,17374.00,0.00,0.00,8.75,550.46,Monthly,Tier1,Used,,No,16385.00,115.83,NSW,,166,,9019287.1000,2022,500000,,,3012.0481927710843373
H119148837318,3162,1/4/2022,5/4/2027,60,50,9,Consumer,44955.43,38079.40,0.00,3.99,827.71,Monthly,Tier1,New,,No,42160.00,136.27,VIC,,1830,,34896253.6000,2022,500000,,,273.2240437158469945
H119149784561,2480,1/4/2022,5/4/2027,60,50,9,Consumer,24179.00,20794.15,0.00,7.95,489.68,Monthly,Tier1,Used,,No,26300.00,127.93,NSW,,1830,,12878584.0000,2022,500000,,,273.2240437158469945
H119151984880,4101,1/4/2022,17/6/2027,60,52,9,Consumer,40929.00,37179.32,1157.70,7.55,821.10,Monthly,Tier2,Used,,No,39440.00,125.17,QLD,,1903,,32384184.0000,2022,500000,,,262.7430373095112980
H119152944813,2144,1/4/2022,5/4/2027,60,50,9,Consumer,23477.00,20122.29,0.00,7.05,465.42,Monthly,Tier1,Used,,No,24488.00,114.30,NSW,,1830,,11397204.9600,2022,500000,,,273.2240437158469945
H119161359748,5108,1/4/2022,3/4/2029,84,74,9,Consumer,65489.00,58809.82,0.00,4.80,919.47,Monthly,Tier1,New,,No,66712.29,98.94,SA,,2559,,61339949.2863,2022,500000,,,195.3888237592809691
H119162988474,2153,1/4/2022,5/4/2027,60,50,9,Consumer,51489.00,44253.53,0.00,7.79,1038.84,Monthly,Tier1,Used,,No,54000.00,95.79,NSW,,1830,,56097360.0000,2022,500000,,,273.2240437158469945
H119164611779,2113,1/4/2022,5/4/2027,60,50,9,Consumer,26560.01,22629.89,0.00,5.49,507.20,Monthly,Tier1,New,,No,26686.01,108.45,NSW,,1830,,13535144.2720,2022,500000,,,273.2240437158469945
H119165616120,3429,1/4/2022,5/4/2027,60,50,9,Consumer,15274.00,13091.72,0.00,5.99,295.21,Monthly,Tier1,Used,,No,19500.00,75.02,VIC,,1830,,5756595.0000,2022,500000,,,273.2240437158469945
H119171872685,6062,1/4/2022,3/4/2029,84,74,9,Consumer,74149.00,66586.54,0.00,4.80,1041.06,Monthly,Tier1,New,,No,82000.00,95.68,WA,,2559,,85366920.0000,2022,500000,,,195.3888237592809691
H119174541195,4702,1/4/2022,3/4/2029,84,74,9,Consumer,76539.00,71511.33,2033.87,9.55,1252.91,Monthly,Tier2,Used,,No,75000.00,119.44,QLD,,2559,,93968250.0000,2022,500000,,,195.3888237592809691
H119178267026,3156,1/4/2022,3/6/2026,60,40,9,Consumer,26489.00,17892.51,0.00,4.29,491.30,Monthly,Tier1,New,,No,35990.00,69.92,VIC,,1524,,17681887.0000,2022,500000,,,328.0839895013123360
H119184311609,4030,1/4/2022,3/7/2028,84,65,9,Consumer,37529.00,30937.68,0.00,9.05,604.75,Monthly,Tier1,Used,,No,30900.00,113.72,QLD,,2285,,18686775.0000,2022,500000,,,218.8183807439824945
H119185156941,2600,1/4/2022,13/4/2027,60,50,9,Consumer,67299.00,60239.64,0.00,4.37,954.19,Monthly,Tier1,New,,Yes,66140.00,134.62,ACT,,1838,,63110126.6000,2022,500000,,,272.0348204570184984
H119186652523,2154,1/4/2022,3/4/2029,84,74,9,Consumer,44269.00,39631.58,0.00,3.99,604.90,Monthly,Tier1,New,,No,52750.00,88.56,NSW,,2559,,31908475.0000,2022,500000,,,195.3888237592809691
H119187054112,2913,1/4/2022,3/4/2029,84,74,9,Consumer,65256.81,58968.20,0.00,6.49,968.71,Monthly,Tier1,Used,,No,64532.81,100.38,NSW,,2559,,62513578.3751,2022,500000,,,195.3888237592809691
H119190121588,2526,1/4/2022,7/4/2026,48,38,9,Consumer,33319.00,27316.14,0.00,8.75,825.19,Monthly,Tier1,Used,,No,32000.00,115.49,NSW,,1467,,26406080.0000,2022,500000,,,340.8316291751874574
H119195339064,4011,1/4/2022,3/3/2027,60,49,9,Consumer,17488.00,14660.40,0.00,7.45,350.00,Monthly,Tier1,Used,,No,21999.00,102.09,QLD,,1797,,7699650.0000,2022,500000,,,278.2415136338341681
H119196975006,4226,1/4/2022,5/4/2027,60,50,9,Consumer,26539.00,22807.64,0.00,7.75,534.94,Monthly,Tier2,Used,,No,45000.00,90.16,QLD,,1830,,24072300.0000,2022,500000,,,273.2240437158469945
H119197863943,3064,1/4/2022,5/4/2027,60,50,9,Consumer,78539.00,67341.35,0.00,7.15,1560.73,Monthly,Tier1,Used,,No,77000.00,128.75,VIC,,1830,,120176210.0000,2022,500000,,,273.2240437158469945
H119202304432,5031,1/4/2022,3/4/2029,84,74,9,Consumer,60899.00,54645.41,0.00,4.59,849.05,Monthly,Tier1,New,,No,60800.00,102.89,SA,,2559,,51622240.0000,2022,500000,,,195.3888237592809691
H119204004213,2179,1/4/2022,5/4/2027,60,50,9,Consumer,41479.00,35252.21,0.00,4.84,779.72,Monthly,Tier1,Used,,No,79990.00,69.44,NSW,,1830,,62369802.8000,2022,500000,,,273.2240437158469945
H119205686649,3207,1/4/2022,19/2/2025,36,24,9,Consumer,50207.00,33532.16,0.00,4.99,1500.00,Monthly,Tier2,New,,Yes,58938.00,92.99,VIC,,1055,,88407000.0000,2022,500000,,,473.9336492890995261
H119208853188,3199,1/4/2022,5/9/2022,78,0,9,Consumer,48908.35,0.00,0.00,5.50,800.00,Monthly,Tier1,Used,,No,47369.35,107.85,VIC,,157,,37895480.0000,2022,500000,,,3184.7133757961783439
H119210484186,2795,1/4/2022,3/4/2029,84,74,9,Consumer,44294.00,40118.70,11.02,6.75,663.11,Monthly,Tier3,Used,,No,44900.00,113.57,NSW,,2559,,29773639.0000,2022,500000,,,195.3888237592809691
H119212243664,2478,1/4/2022,3/4/2029,84,74,9,Consumer,28673.00,25923.91,0.00,6.64,427.72,Monthly,Tier1,Used,,No,27684.00,95.58,NSW,,2559,,11841000.4800,2022,500000,,,195.3888237592809691
H119218162673,6031,1/4/2022,5/4/2027,60,50,9,Consumer,18849.05,16120.91,0.00,6.48,368.62,Monthly,Tier1,New,,No,17550.05,107.71,WA,,1830,,6469299.4310,2022,500000,,,273.2240437158469945
H119224464360,2064,1/4/2022,5/4/2027,60,50,9,Commercial,25588.00,21910.94,0.00,6.80,504.26,Monthly,TierA,Used,,No,24990.00,114.74,NSW,,1830,,12601457.4000,2022,500000,,,273.2240437158469945
H119225236177,3121,1/4/2022,23/4/2025,36,26,9,Consumer,20324.00,15161.23,0.00,6.79,625.59,Monthly,Tier1,Used,,No,20000.00,77.63,VIC,,1118,,12511800.0000,2022,500000,,,447.2271914132379249
H119226219249,4870,1/4/2022,1/12/2022,60,0,9,Consumer,41989.00,0.00,0.00,3.99,72.62,Monthly,Tier1,New,,No,57034.00,85.71,QLD,,244,,4141809.0800,2022,500000,,,2049.1803278688524590
H119227744690,2912,1/4/2022,5/4/2027,60,50,9,Consumer,38374.00,32619.69,0.00,4.89,722.23,Monthly,Tier1,New,,No,38900.00,106.62,ACT,,1830,,28094747.0000,2022,500000,,,273.2240437158469945
H119229897900,2765,1/4/2022,5/4/2027,60,50,9,Consumer,30145.00,25624.70,0.00,4.89,567.35,Monthly,Tier1,New,,No,39814.00,86.56,NSW,,1830,,22588472.9000,2022,500000,,,273.2240437158469945
H119233126571,5491,1/4/2022,5/4/2027,60,50,9,Consumer,17219.00,14802.63,0.00,7.85,347.90,Monthly,Tier2,Used,,No,16140.00,111.81,SA,,1830,,5615106.0000,2022,500000,,,273.2240437158469945
H119236771430,3799,1/4/2022,3/4/2029,84,74,9,Consumer,64083.95,58219.37,0.00,8,998.82,Monthly,Tier1,Used,,No,62594.95,132.75,VIC,,2559,,62521087.9590,2022,500000,,,195.3888237592809691
H119248977165,2177,1/4/2022,19/7/2022,60,0,9,Consumer,36319.00,0.00,0.00,8.75,749.52,Monthly,Tier1,Used,,No,35000.00,125.24,NSW,,109,,26233200.0000,2022,500000,,,4587.1559633027522936
H119250488789,3029,1/4/2022,3/4/2029,84,74,9,Consumer,28974.00,25998.37,0.00,4.59,403.95,Monthly,Tier1,New,,No,44485.00,75.77,VIC,,2559,,17969715.7500,2022,500000,,,195.3888237592809691
H119251086762,4403,1/4/2022,5/4/2027,60,50,9,Consumer,42999.00,36556.89,0.00,4.93,810.06,Monthly,Tier1,New,,No,46740.00,93.60,QLD,,1830,,37862204.4000,2022,500000,,,273.2240437158469945
H119252460711,3922,1/4/2022,5/4/2027,60,50,9,Consumer,7560.92,6458.16,0.00,5.84,145.61,Monthly,Tier1,Used,,No,6374.48,35.04,VIC,,1830,,928188.0328,2022,500000,,,273.2240437158469945
H119253877904,3350,1/4/2022,3/4/2029,84,74,9,Consumer,51649.00,46995.38,0.00,8.45,816.64,Monthly,Tier1,Used,,No,63000.00,115.01,VIC,,2559,,51448320.0000,2022,500000,,,195.3888237592809691
H119255819517,2229,1/4/2022,5/4/2027,60,50,9,Consumer,17349.00,14908.85,0.00,7.75,349.70,Monthly,Tier2,Used,,No,15700.00,83.65,NSW,,1830,,5490290.0000,2022,500000,,,273.2240437158469945
H119256406194,2323,1/4/2022,3/4/2029,84,74,9,Consumer,54124.00,48876.28,0.00,6.29,798.21,Monthly,Tier1,Used,,No,53500.00,103.09,NSW,,2559,,42704235.0000,2022,500000,,,195.3888237592809691
H119265578423,4815,1/4/2022,3/3/2027,60,49,9,Consumer,20189.00,16786.78,0.00,5.24,383.21,Monthly,Tier2,New,,No,28800.00,80.15,QLD,,1797,,11036448.0000,2022,500000,,,278.2415136338341681
H119267615352,6171,1/4/2022,11/7/2022,48,0,9,Consumer,76104.74,0.00,0.00,4.89,1748.84,Monthly,Tier1,New,,No,86335.74,98.64,WA,,101,,150987395.5416,2022,500000,,,4950.4950495049504950
H119273442658,2318,2/4/2022,3/4/2029,84,74,9,Consumer,85513.00,77177.04,0.00,6.15,1255.37,Monthly,Tier1,New,,No,105030.00,137.92,NSW,,2558,,131851511.1000,2022,500000,,,195.4652071931196247
H119381747413,4064,4/4/2022,5/4/2027,60,50,9,Commercial,85489.00,77368.48,0.00,6.27,1245.02,Monthly,TierA,New,,No,84000.00,107.63,QLD,,1827,,104581680.0000,2022,500000,,,273.6726874657909141
H119442234484,2404,5/4/2022,5/4/2027,60,50,9,Consumer,31489.00,26965.72,0.00,6.77,620.10,Monthly,Tier1,New,,No,43168.00,70.78,NSW,,1826,,26768476.8000,2022,500000,,,273.8225629791894852
H119448772227,7322,5/4/2022,5/10/2022,84,0,9,Consumer,51479.00,0.00,0.00,8.45,813.95,Monthly,Tier1,Used,,No,49990.00,111.57,TAS,,183,,40689360.5000,2022,500000,,,2732.2404371584699454
H119451485632,3934,5/4/2022,12/12/2022,84,0,9,Consumer,73997.93,0.00,0.00,7.33,1128.80,Monthly,Tier1,Used,,No,72568.93,106.93,VIC,,251,,81915808.1840,2022,500000,,,1992.0318725099601594
H119454380849,6030,5/4/2022,5/4/2027,60,50,9,Consumer,51024.00,43730.99,0.00,6.99,1010.09,Monthly,Tier1,Used,,No,58990.00,127.50,WA,,1826,,59585209.1000,2022,500000,,,273.8225629791894852
H119455927249,3116,5/4/2022,5/8/2026,60,42,9,Consumer,26484.00,19080.65,0.00,6.95,523.79,Monthly,Tier1,Used,,No,24990.00,117.92,VIC,,1583,,13089512.1000,2022,500000,,,315.8559696778269109
H119465088365,3040,5/4/2022,5/4/2027,60,50,9,Consumer,33474.00,28469.25,0.00,4.99,631.54,Monthly,Tier1,New,,No,52480.00,63.78,VIC,,1826,,33143219.2000,2022,500000,,,273.8225629791894852
H119466239116,3008,5/4/2022,7/4/2025,36,26,9,Consumer,27489.00,20583.70,0.00,8.85,872.22,Monthly,Tier1,Used,,No,32250.00,75.98,VIC,,1098,,28129095.0000,2022,500000,,,455.3734061930783242
H119467324938,2161,5/4/2022,5/4/2029,84,74,9,Commercial,37019.00,33603.95,0.00,7.71,571.65,Monthly,TierA,Used,,No,44500.00,89.85,NSW,,2557,,25438425.0000,2022,500000,,,195.5416503715291357
H119469837828,3178,5/4/2022,5/4/2029,84,74,9,Consumer,50479.00,45704.93,0.00,6.99,761.61,Monthly,Tier2,Used,,No,48990.00,100.24,VIC,,2557,,37311273.9000,2022,500000,,,195.5416503715291357
H119476668282,3919,5/4/2022,2/2/2023,72,0,9,Consumer,22224.00,0.00,0.00,9.25,403.36,Monthly,Tier3,Used,,No,20500.00,104.83,VIC,,303,,8268880.0000,2022,500000,,,1650.1650165016501650
H119479801587,4723,5/4/2022,5/4/2027,60,50,9,Consumer,31244.00,26828.75,0.00,7.49,625.91,Monthly,Tier1,Used,,No,33000.00,84.50,QLD,,1826,,20655030.0000,2022,500000,,,273.8225629791894852
H119482031462,2756,5/4/2022,5/8/2025,84,30,9,Consumer,11479.00,5064.23,0.00,10.55,193.84,Monthly,Tier2,Used,,No,10978.00,102.13,NSW,,1218,,2127975.5200,2022,500000,,,410.5090311986863711
H119494870563,4218,5/4/2022,6/10/2026,60,44,9,Consumer,45084.00,36937.72,0.00,7.99,990.10,Monthly,Tier1,Used,,No,45595.00,131.67,QLD,,1645,,45143609.5000,2022,500000,,,303.9513677811550152
H119496361795,4551,5/4/2022,5/4/2029,84,74,9,Consumer,51039.00,47606.70,882.51,9.55,835.48,Monthly,Tier2,Used,,No,49000.00,117.01,QLD,,2557,,40938520.0000,2022,500000,,,195.5416503715291357
H119497253167,820,5/4/2022,7/4/2026,48,38,9,Consumer,13479.00,11074.45,0.00,9.25,337.02,Monthly,Tier1,Used,,No,11990.00,127.16,NT,,1463,,4040869.8000,2022,500000,,,341.7634996582365003
H119499136273,4208,5/4/2022,5/4/2027,60,50,9,Consumer,72134.00,61180.16,0.00,4.29,1337.91,Monthly,Tier1,New,,No,80000.00,70.87,QLD,,1826,,107032800.0000,2022,500000,,,273.8225629791894852
H119500359912,2567,5/4/2022,5/4/2029,84,74,9,Consumer,53164.05,48230.64,0.00,7.54,816.49,Monthly,Tier1,Used,,No,47000.00,119.04,NSW,,2557,,38375030.0000,2022,500000,,,195.5416503715291357
H119502077268,3131,5/4/2022,10/4/2029,84,74,9,Consumer,33788.59,31230.21,290.82,9.55,553.10,Monthly,Tier2,Used,,No,32249.59,116.51,VIC,,2562,,17837248.2290,2022,500000,,,195.1600312256049961
H119503278753,4740,5/4/2022,5/4/2027,60,50,9,Consumer,30449.00,26096.84,0.00,6.99,602.78,Monthly,Tier1,Used,,No,45000.00,93.47,QLD,,1826,,27125100.0000,2022,500000,,,273.8225629791894852
H119508249504,4224,5/4/2022,5/4/2029,84,74,9,Consumer,61250.41,55002.45,0.00,4.50,851.39,Monthly,Tier1,New,,No,59251.41,125.29,QLD,,2557,,50446057.9599,2022,500000,,,195.5416503715291357
H119510719117,4820,5/4/2022,5/4/2027,60,50,9,Consumer,27149.80,23180.53,0.00,5.99,524.75,Monthly,Tier1,New,,No,25655.80,108.64,QLD,,1826,,13462881.0500,2022,500000,,,273.8225629791894852
H119511316758,2763,5/4/2022,5/4/2027,60,50,9,Consumer,33489.00,28591.81,0.00,5.98,647.12,Monthly,Tier1,New,,No,48361.00,73.31,NSW,,1826,,31295370.3200,2022,500000,,,273.8225629791894852
H119512187531,810,5/4/2022,5/2/2027,60,48,9,Consumer,31489.00,27220.43,0.00,10.25,700.00,Monthly,Tier2,Used,,No,30000.00,109.43,NT,,1767,,21000000.0000,2022,500000,,,282.9654782116581777
H119514678823,2335,5/4/2022,6/6/2022,60,59,1,Consumer,45534.00,0.00,0.00,4.91,857.40,Monthly,Tier1,New,,No,44045.00,120.89,NSW,,62,,37764183.0000,2022,500000,,,8064.5161290322580645
H119515986187,2132,5/4/2022,5/4/2027,60,50,9,Commercial,22049.00,18824.72,0.00,5.98,426.06,Monthly,TierA,Used,,No,20000.00,85.66,NSW,,1826,,8521200.0000,2022,500000,,,273.8225629791894852
H119516268968,4214,5/4/2022,5/4/2024,24,14,9,Consumer,13489.00,8028.30,0.00,4.78,590.45,Monthly,Tier1,New,,No,18990.00,77.12,QLD,,731,,11212645.5000,2022,500000,,,683.9945280437756498
H119522146243,2142,5/4/2022,5/4/2027,60,50,9,Consumer,67261.00,57047.11,0.00,4.29,1247.53,Monthly,Tier1,New,,No,115261.14,69.50,NSW,,1826,,143791729.9842,2022,500000,,,273.8225629791894852
H119524446005,3198,5/4/2022,5/1/2029,84,71,9,Consumer,76066.75,49981.81,0.00,6.50,850.00,Monthly,Tier1,New,,No,74577.75,117.22,VIC,,2467,,63391087.5000,2022,500000,,,202.6753141467369274
H119526052425,2612,5/4/2022,16/4/2027,60,50,9,Consumer,75049.00,64605.02,0.00,7.50,1503.82,Monthly,Tier2,Used,,No,73000.00,95.76,ACT,,1837,,109778860.0000,2022,500000,,,272.1829069134458356
H119530714049,2155,5/4/2022,28/11/2022,60,0,9,Commercial,80798.00,0.00,0.00,4.80,1517.36,Monthly,TierA,Used,,No,89949.01,104.86,NSW,,237,,136485029.8136,2022,500000,,,2109.7046413502109705
H119531318725,2212,5/4/2022,5/4/2027,60,50,9,Consumer,32049.00,27669.37,0.00,8.95,664.50,Monthly,Tier3,Used,,No,35000.00,98.13,NSW,,1826,,23257500.0000,2022,500000,,,273.8225629791894852
H119533730415,4570,5/4/2022,10/4/2029,84,74,9,Consumer,18411.00,16838.48,0.00,9.55,301.38,Monthly,Tier2,Used,,No,17990.00,108.94,QLD,,2562,,5421826.2000,2022,500000,,,195.1600312256049961
H119538513414,3400,5/4/2022,5/4/2029,84,74,9,Consumer,48219.60,43387.35,0.00,5.29,688.12,Monthly,Tier1,New,,No,55520.60,97.16,VIC,,2557,,38204835.2720,2022,500000,,,195.5416503715291357
H119541260923,2046,5/4/2022,15/2/2023,60,0,9,Consumer,70774.00,0.00,0.00,6.99,1401.07,Monthly,Tier1,Used,,No,98500.00,139.73,NSW,,316,,138005395.0000,2022,500000,,,1582.2784810126582278
H119542244173,2480,5/4/2022,25/1/2023,84,0,9,Consumer,39489.00,0.00,0.00,5.29,563.53,Monthly,Tier1,New,,No,48053.00,83.73,NSW,,295,,27079307.0900,2022,500000,,,1694.9152542372881356
H119544707638,4034,5/4/2022,5/4/2029,84,74,9,Consumer,33277.00,30399.36,0.00,9.55,544.73,Monthly,Tier2,Used,,No,32288.00,85.77,QLD,,2557,,17588242.2400,2022,500000,,,195.5416503715291357
H119545427365,3072,5/4/2022,5/4/2029,84,74,9,Consumer,41494.00,37336.42,0.00,5.29,592.14,Monthly,Tier1,New,,No,39000.00,115.43,VIC,,2557,,23093460.0000,2022,500000,,,195.5416503715291357
H119548500916,4508,5/4/2022,5/4/2029,84,74,9,Consumer,29589.00,27030.29,0.00,9.55,484.36,Monthly,Tier2,Used,,No,27990.00,115.59,QLD,,2557,,13557236.4000,2022,500000,,,195.5416503715291357
H119553716177,2117,5/4/2022,5/4/2029,84,74,9,Consumer,49969.00,45079.45,0.00,5.99,729.73,Monthly,Tier1,New,,No,50980.00,111.19,NSW,,2557,,37201635.4000,2022,500000,,,195.5416503715291357
H119554022816,4170,5/4/2022,28/11/2022,84,0,9,Consumer,21914.01,0.00,0.00,10.55,370.05,Monthly,Tier3,Used,,No,19990.01,110.37,QLD,,237,,7397303.2005,2022,500000,,,2109.7046413502109705
H119555242700,2142,5/4/2022,5/4/2027,60,50,9,Consumer,21479.00,18489.16,0.00,8.15,437.06,Monthly,Tier1,Used,,No,19990.00,108.77,NSW,,1826,,8736829.4000,2022,500000,,,273.8225629791894852
H119560700097,3051,5/4/2022,5/4/2027,60,50,9,Consumer,21149.07,18205.21,0.00,8.15,430.34,Monthly,Tier1,Used,,No,20105.07,85.66,VIC,,1826,,8652015.8238,2022,500000,,,273.8225629791894852
H119564974555,5333,5/4/2022,5/4/2029,84,74,9,Consumer,24469.00,22353.13,0.00,9.55,400.54,Monthly,Tier2,Used,,No,21000.00,135.11,SA,,2557,,8411340.0000,2022,500000,,,195.5416503715291357
H119566555034,4573,5/4/2022,7/4/2025,36,26,9,Commercial,17289.83,12884.06,0.00,7.62,538.77,Monthly,TierA,Used,,No,16410.83,76.50,QLD,,1098,,8841662.8791,2022,500000,,,455.3734061930783242
H119571761155,2145,5/4/2022,5/4/2027,60,50,9,Commercial,26539.00,22911.45,0.00,8.94,550.13,Monthly,TierA,Used,,No,35000.00,90.76,NSW,,1826,,19254550.0000,2022,500000,,,273.8225629791894852
H119573906181,2126,5/4/2022,5/4/2029,84,74,9,Commercial,81349.00,73425.50,0.00,6.13,1193.46,Monthly,TierA,Used,,No,80000.00,91.92,NSW,,2557,,95476800.0000,2022,500000,,,195.5416503715291357
H119586996605,850,5/4/2022,5/4/2029,84,74,9,Consumer,49205.65,44360.23,0.00,6.59,732.82,Monthly,Tier1,New,,No,48826.66,109.35,NT,,2557,,35781152.9812,2022,500000,,,195.5416503715291357
H119589785062,3427,5/4/2022,5/4/2027,60,50,9,Consumer,22269.00,19211.70,0.00,8.75,459.57,Monthly,Tier1,Used,,No,27985.00,100.76,VIC,,1826,,12861066.4500,2022,500000,,,273.8225629791894852
H119742422066,4570,6/4/2022,5/9/2022,36,0,9,Consumer,13319.00,0.00,0.00,8.75,421.99,Monthly,Tier1,Used,,No,12000.00,106.55,QLD,,152,,5063880.0000,2022,500000,,,3289.4736842105263158
H119747215649,2558,7/4/2022,7/4/2025,36,26,9,Commercial,22427.00,16732.47,0.00,7.98,702.57,Monthly,TierA,Used,,No,21329.00,149.61,NSW,,1096,,14985115.5300,2022,500000,,,456.2043795620437956
H119749687438,2303,7/4/2022,7/3/2025,36,25,9,Consumer,18799.00,13454.74,0.00,7.79,587.27,Monthly,Tier1,Used,,No,19500.00,121.28,NSW,,1065,,11451765.0000,2022,500000,,,469.4835680751173709
H119752829771,6160,7/4/2022,7/4/2027,60,50,9,Consumer,20162.00,17315.87,0.00,7.59,404.86,Monthly,Tier1,Used,,No,18893.00,112.39,WA,,1826,,7649019.9800,2022,500000,,,273.8225629791894852
H119756219374,4300,7/4/2022,7/4/2027,60,50,9,Consumer,27481.00,23751.96,0.00,9.25,573.80,Monthly,Tier2,Used,,No,26492.00,122.46,QLD,,1826,,15201109.6000,2022,500000,,,273.8225629791894852
H119758386893,3380,7/4/2022,7/4/2027,60,50,9,Consumer,20305.43,17475.84,0.00,8.15,413.18,Monthly,Tier1,Used,,No,17500.00,120.15,VIC,,1826,,7230650.0000,2022,500000,,,273.8225629791894852
H119761551598,3076,7/4/2022,7/4/2027,60,50,9,Commercial,37089.00,31766.37,0.00,6.86,731.95,Monthly,TierA,Used,,No,39500.00,87.35,VIC,,1826,,28912025.0000,2022,500000,,,273.8225629791894852
H119768944591,3550,7/4/2022,16/4/2029,84,74,9,Consumer,32357.00,29439.56,0.00,7.95,503.51,Monthly,Tier2,Used,,No,30608.00,112.98,VIC,,2566,,15411434.0800,2022,500000,,,194.8558067030397506
H119769636469,4034,7/4/2022,9/10/2028,78,68,9,Consumer,31994.00,28744.77,0.00,7.75,523.42,Monthly,Tier1,Used,,No,32500.00,106.93,QLD,,2377,,17011150.0000,2022,500000,,,210.3491796381994110
H119772368351,4865,7/4/2022,9/4/2029,84,74,9,Consumer,34269.00,30773.86,0.00,4.80,481.14,Monthly,Tier1,New,,No,58500.00,59.20,QLD,,2559,,28146690.0000,2022,500000,,,195.3888237592809691
H119773413083,2035,7/4/2022,7/4/2027,60,50,9,Consumer,32524.00,27661.95,0.00,5.03,614.21,Monthly,Tier1,New,,No,34535.00,100.10,NSW,,1826,,21211742.3500,2022,500000,,,273.8225629791894852
H119777655538,7300,7/4/2022,9/4/2029,84,74,9,Consumer,46099.00,41452.09,0.00,5.49,662.22,Monthly,Tier1,Used,,No,63500.00,71.31,TAS,,2559,,42050970.0000,2022,500000,,,195.3888237592809691
H119787723926,3754,7/4/2022,7/4/2026,48,38,9,Consumer,17749.00,14518.23,0.00,8.15,434.55,Monthly,Tier1,Used,,No,26490.00,62.06,VIC,,1461,,11511229.5000,2022,500000,,,342.2313483915126626
H119796169683,3143,7/4/2022,9/4/2029,84,74,9,Consumer,46749.00,42608.01,0.00,8.94,750.72,Monthly,Tier1,Used,,No,45000.00,117.70,VIC,,2559,,33782400.0000,2022,500000,,,195.3888237592809691
H119801691019,4053,7/4/2022,7/4/2026,48,38,9,Consumer,23299.00,18963.22,0.00,6.85,556.30,Monthly,Tier2,Used,,No,24000.00,87.57,QLD,,1461,,13351200.0000,2022,500000,,,342.2313483915126626
H119803915641,4350,7/4/2022,9/4/2029,84,74,9,Consumer,47494.00,43139.99,0.00,7.95,739.06,Monthly,Tier1,Used,,No,55700.00,83.94,QLD,,2559,,41165642.0000,2022,500000,,,195.3888237592809691
H119805750205,2617,7/4/2022,7/4/2027,60,50,9,Consumer,17266.00,14919.18,0.00,9.25,360.51,Monthly,Tier1,Used,,No,15777.00,118.26,ACT,,1826,,5687766.2700,2022,500000,,,273.8225629791894852
H119807182727,812,7/4/2022,7/4/2027,60,50,9,Consumer,49904.00,42456.34,0.00,5.10,944.03,Monthly,Tier1,Used,,No,48915.00,100.11,NT,,1826,,46177227.4500,2022,500000,,,273.8225629791894852
H119808201830,4014,7/4/2022,7/4/2027,60,50,9,Consumer,46049.00,39932.82,0.00,10.25,984.07,Monthly,Tier2,Used,,No,45000.00,110.27,QLD,,1826,,44283150.0000,2022,500000,,,273.8225629791894852
H119812097132,6173,7/4/2022,17/4/2029,84,74,9,Consumer,62907.07,57594.32,0.00,9.29,1021.39,Monthly,Tier2,Used,,No,61418.07,132.58,WA,,2567,,62731802.5173,2022,500000,,,194.7798987144526685
H119813063555,3620,7/4/2022,7/4/2027,60,50,9,Commercial,48679.00,41469.53,0.00,5.44,928.47,Monthly,TierA,Used,,No,57300.00,121.58,VIC,,1826,,53201331.0000,2022,500000,,,273.8225629791894852
H119814904010,2318,7/4/2022,9/4/2029,84,74,9,Consumer,24479.00,22274.03,0.00,8.45,387.04,Monthly,Tier1,Used,,No,22990.00,112.29,NSW,,2559,,8898049.6000,2022,500000,,,195.3888237592809691
H119816378903,4306,7/4/2022,9/4/2029,84,74,9,Consumer,55499.01,49782.08,0.00,4.50,771.44,Monthly,Tier1,New,,No,56000.01,104.72,QLD,,2559,,43200647.7144,2022,500000,,,195.3888237592809691
H119819782958,3217,7/4/2022,22/8/2022,84,0,9,Consumer,29807.00,0.00,0.00,5.20,424.09,Monthly,Tier2,New,,No,28808.00,118.33,VIC,,137,,12217184.7200,2022,500000,,,3649.6350364963503650
H119820631952,3201,7/4/2022,7/4/2027,60,50,9,Consumer,24414.00,20925.26,0.00,7.05,484.00,Monthly,Tier1,Used,,No,26125.00,116.48,VIC,,1826,,12644500.0000,2022,500000,,,273.8225629791894852
H119822196827,2580,7/4/2022,7/4/2027,60,50,9,Consumer,13145.29,11304.75,0.00,7.95,266.22,Monthly,Tier2,Used,,No,12046.29,92.57,NSW,,1826,,3206963.3238,2022,500000,,,273.8225629791894852
H119829769115,3048,7/4/2022,9/4/2029,84,74,9,Consumer,43469.01,39408.38,0.00,7.54,667.59,Monthly,Tier2,New,,No,41980.01,103.52,VIC,,2559,,28025434.8759,2022,500000,,,195.3888237592809691
H119836274124,3777,7/4/2022,9/4/2029,84,74,9,Consumer,37851.90,34569.88,0.00,9.55,619.62,Monthly,Tier2,Used,,No,41362.90,112.79,VIC,,2559,,25629280.0980,2022,500000,,,195.3888237592809691
H119837855220,4012,7/4/2022,7/4/2027,60,50,9,Consumer,26149.00,22262.43,0.00,5.29,496.94,Monthly,Tier1,Used,,No,29990.00,88.46,QLD,,1826,,14903230.6000,2022,500000,,,273.8225629791894852
H119845488723,4018,7/4/2022,4/6/2029,84,76,9,Consumer,50631.00,46173.10,0.00,4.74,709.44,Monthly,Tier2,New,,No,50142.00,110.08,QLD,,2615,,35572740.4800,2022,500000,,,191.2045889101338432
H119848922515,2217,7/4/2022,7/4/2026,48,38,9,Consumer,31387.00,25732.02,0.00,8.75,777.34,Monthly,Tier1,Used,,No,31888.00,133.99,NSW,,1461,,24787817.9200,2022,500000,,,342.2313483915126626
H119852652730,3037,7/4/2022,30/4/2029,84,74,9,Consumer,37539.00,34401.02,0.00,6.14,550.91,Monthly,Tier1,Used,,No,54000.00,73.18,VIC,,2580,,29749140.0000,2022,500000,,,193.7984496124031008
H119854328145,2471,7/4/2022,9/4/2029,84,74,9,Consumer,51421.36,46655.08,0.00,7.63,792.01,Monthly,Tier1,Used,,No,59932.36,85.42,NSW,,2559,,47467028.4436,2022,500000,,,195.3888237592809691
H119856650985,4017,7/4/2022,7/4/2027,60,50,9,Consumer,25549.00,21987.95,0.00,8.15,519.87,Monthly,Tier1,Used,,No,25000.00,122.54,QLD,,1826,,12996750.0000,2022,500000,,,273.8225629791894852
H119863417761,3174,7/4/2022,7/4/2025,36,26,9,Consumer,15580.00,11581.54,0.00,7.05,481.42,Monthly,Tier1,Used,,No,25791.00,84.77,VIC,,1096,,12416303.2200,2022,500000,,,456.2043795620437956
H119864630339,7315,7/4/2022,7/3/2029,84,73,9,Consumer,63141.00,38340.97,0.00,4.89,610.00,Monthly,Tier1,New,,No,62152.00,105.96,TAS,,2526,,37912720.0000,2022,500000,,,197.9414093428345210
H119866056110,4505,7/4/2022,27/2/2023,84,0,9,Consumer,22099.00,0.00,0.00,9.05,356.11,Monthly,Tier1,Used,,No,41990.00,60.67,QLD,,326,,14953058.9000,2022,500000,,,1533.7423312883435583
H119875489010,2263,7/4/2022,10/10/2022,84,0,9,Consumer,39489.00,0.00,0.00,7.99,615.28,Monthly,Tier1,Used,,No,44000.00,92.26,NSW,,186,,27072320.0000,2022,500000,,,2688.1720430107526882
H119876685655,2325,7/4/2022,21/11/2028,84,69,9,Consumer,28989.00,24550.33,0.00,7.25,441.07,Monthly,Tier3,New,,No,34000.00,87.48,NSW,,2420,,14996380.0000,2022,500000,,,206.6115702479338843
H119880716421,3206,7/4/2022,7/4/2027,60,50,9,Consumer,84489.00,72348.48,0.00,6.78,1664.22,Monthly,Tier1,New,,No,82490.00,133.58,VIC,,1826,,137281507.8000,2022,500000,,,273.8225629791894852
H119881655823,4123,7/4/2022,9/4/2029,84,74,9,Consumer,75950.80,69132.43,0.00,8.55,1204.70,Monthly,Tier2,Used,,No,73901.80,103.25,QLD,,2559,,89029498.4600,2022,500000,,,195.3888237592809691
H119884563950,2480,7/4/2022,11/4/2029,84,74,9,Consumer,42099.00,37932.35,0.00,5.45,603.96,Monthly,Tier1,Used,,No,50000.00,87.34,NSW,,2561,,30198000.0000,2022,500000,,,195.2362358453729012
H119885202879,2574,7/4/2022,9/4/2029,84,74,9,Consumer,46039.00,41596.27,0.00,6.45,682.53,Monthly,Tier1,Used,,No,44990.00,102.63,NSW,,2559,,30707024.7000,2022,500000,,,195.3888237592809691
H119886790744,3190,7/4/2022,9/4/2029,84,74,9,Commercial,42786.34,38964.52,0.00,8.70,681.89,Monthly,TierB,Used,,No,43350.00,125.38,VIC,,2559,,29559931.5000,2022,500000,,,195.3888237592809691
H119889198580,3809,7/4/2022,9/4/2029,84,74,9,Consumer,32586.94,29393.05,0.00,5.99,475.89,Monthly,Tier1,New,,No,35990.00,81.47,VIC,,2559,,17127281.1000,2022,500000,,,195.3888237592809691
H119890679292,2151,7/4/2022,7/4/2027,60,50,9,Consumer,21429.00,18583.73,0.00,10.25,457.94,Monthly,Tier3,Used,,No,23500.00,113.38,NSW,,1826,,10761590.0000,2022,500000,,,273.8225629791894852
H119892965268,3805,7/4/2022,9/4/2029,84,74,9,Consumer,49449.00,44602.36,0.00,5.99,722.14,Monthly,Tier1,New,,No,48350.00,107.99,VIC,,2559,,34915469.0000,2022,500000,,,195.3888237592809691
H119903688300,4125,7/4/2022,7/4/2027,60,50,9,Consumer,20324.00,17402.74,0.00,6.79,400.42,Monthly,Tier1,Used,,No,35337.00,62.87,QLD,,1826,,14149641.5400,2022,500000,,,273.8225629791894852
H119906376038,2761,7/4/2022,10/4/2028,72,62,9,Consumer,38079.00,33995.07,0.00,9.15,689.23,Monthly,Tier2,Used,,No,34990.00,121.52,NSW,,2195,,24116157.7000,2022,500000,,,227.7904328018223235
H119907458619,4116,7/4/2022,14/6/2022,84,0,9,Consumer,27999.00,0.00,0.00,7.45,428.76,Monthly,Tier1,Used,,No,52990.00,60.24,QLD,,68,,22719992.4000,2022,500000,,,7352.9411764705882353
H119909681812,7321,7/4/2022,8/2/2027,60,48,9,Consumer,13159.00,10716.91,0.00,5.69,252.50,Monthly,Tier1,New,,No,46903.00,30.47,TAS,,1768,,11843007.5000,2022,500000,,,282.8054298642533937
H119911439187,4740,7/4/2022,7/4/2027,60,50,9,Consumer,35455.00,30694.22,0.00,10.25,757.68,Monthly,Tier2,Used,,No,32456.00,127.54,QLD,,1826,,24591262.0800,2022,500000,,,273.8225629791894852
H119914999407,2265,7/4/2022,9/4/2029,84,74,9,Consumer,64268.00,58376.15,0.00,7.95,1000.09,Monthly,Tier1,Used,,No,77779.00,94.50,NSW,,2559,,77786000.1100,2022,500000,,,195.3888237592809691
H119916243453,4207,7/4/2022,28/4/2027,60,50,9,Consumer,50624.00,44313.88,0.00,6.79,997.40,Monthly,Tier1,Used,,No,52000.00,123.38,QLD,,1847,,51864800.0000,2022,500000,,,270.7092582566323768
H119917354776,4216,7/4/2022,7/3/2029,84,73,9,Consumer,24509.00,21991.91,0.00,7.79,379.44,Monthly,Tier2,Used,,No,24385.00,111.46,QLD,,2526,,9252644.4000,2022,500000,,,197.9414093428345210
H119918386922,4650,7/4/2022,7/4/2027,60,50,9,Consumer,31293.00,27233.86,0.00,11.25,684.29,Monthly,Tier3,Used,,No,29804.00,114.84,QLD,,1826,,20394579.1600,2022,500000,,,273.8225629791894852
H119923784998,6450,7/4/2022,27/6/2022,72,0,9,Consumer,75428.99,0.00,0.00,9.05,1400.00,Monthly,Tier1,Used,,No,69990.00,125.30,WA,,81,,97986000.0000,2022,500000,,,6172.8395061728395062
H120099736303,4030,11/4/2022,12/4/2027,60,50,9,Consumer,29250.35,24880.75,0.00,4.99,551.85,Monthly,Tier1,New,,No,72251.35,41.20,QLD,,1827,,39871907.4975,2022,500000,,,273.6726874657909141
H120102243564,4006,11/4/2022,11/4/2029,84,74,9,Consumer,26488.00,24113.37,0.00,8.45,418.81,Monthly,Tier1,Used,,No,24999.00,119.21,QLD,,2557,,10469831.1900,2022,500000,,,195.5416503715291357
H120103916607,3044,11/4/2022,11/11/2022,84,0,9,Consumer,46539.00,0.00,0.00,9.55,761.82,Monthly,Tier2,Used,,No,56500.00,98.56,VIC,,214,,43042830.0000,2022,500000,,,2336.4485981308411215
H120105926784,2095,11/4/2022,11/4/2029,84,74,9,Consumer,20324.00,18303.82,0.00,5.49,291.96,Monthly,Tier1,New,,No,25585.00,90.37,NSW,,2557,,7469796.6000,2022,500000,,,195.5416503715291357
H120107668516,2730,11/4/2022,11/4/2029,84,74,9,Consumer,68689.00,62137.24,0.00,6.69,1026.32,Monthly,Tier2,New,,No,65190.00,123.16,NSW,,2557,,66905800.8000,2022,500000,,,195.5416503715291357
H120117727498,2450,11/4/2022,12/4/2027,60,50,9,Consumer,14479.00,12517.44,0.00,9.25,302.32,Monthly,Tier1,Used,,No,12990.00,131.63,NSW,,1827,,3927136.8000,2022,500000,,,273.6726874657909141
H120119803251,6057,11/4/2022,20/4/2026,48,38,9,Consumer,29819.00,24300.22,0.00,6.65,709.22,Monthly,Tier2,Used,,No,28500.00,88.07,WA,,1470,,20212770.0000,2022,500000,,,340.1360544217687075
H120121134575,3941,11/4/2022,12/4/2027,60,50,9,Consumer,27259.00,23201.49,0.00,5.15,516.28,Monthly,Tier1,Used,,No,26990.00,116.99,VIC,,1827,,13934397.2000,2022,500000,,,273.6726874657909141
H120123213576,4075,11/4/2022,12/4/2027,60,50,9,Consumer,19539.00,16766.85,0.00,7.25,389.20,Monthly,Tier2,Used,,No,18000.00,81.14,QLD,,1827,,7005600.0000,2022,500000,,,273.6726874657909141
H120125461991,4209,11/4/2022,12/4/2027,60,50,9,Consumer,51488.00,44053.10,0.00,6.49,1007.18,Monthly,Tier1,Used,,No,57000.00,124.62,QLD,,1827,,57409260.0000,2022,500000,,,273.6726874657909141
H120128513284,3029,11/4/2022,21/12/2022,60,0,9,Consumer,25998.00,0.00,0.00,4.29,482.20,Monthly,Tier1,New,,No,44893.00,61.34,VIC,,254,,21647404.6000,2022,500000,,,1968.5039370078740157
H120129272934,4227,11/4/2022,2/2/2023,84,0,9,Consumer,30259.00,0.00,0.00,6.49,449.18,Monthly,Tier1,Used,,No,28990.00,104.20,QLD,,297,,13021728.2000,2022,500000,,,1683.5016835016835017
H120136302169,2170,11/4/2022,17/4/2029,84,74,9,Consumer,49479.00,45260.41,0.00,9.55,809.95,Monthly,Tier2,Used,,No,46990.00,116.37,NSW,,2563,,38059550.5000,2022,500000,,,195.0838860710105345
H120139274560,4011,11/4/2022,12/4/2027,60,50,9,Consumer,71435.65,63926.30,0.00,4.50,1009.35,Monthly,Tier1,New,,Yes,69836.65,116.34,QLD,,1827,,70489622.6775,2022,500000,,,273.6726874657909141
H120146519208,4350,11/4/2022,12/2/2029,84,72,9,Consumer,35184.00,30848.98,0.00,7.08,532.39,Monthly,Tier1,New,,No,34195.00,121.79,QLD,,2499,,18205076.0500,2022,500000,,,200.0800320128051220
H120147064704,2620,11/4/2022,11/3/2027,60,49,9,Consumer,41489.00,34472.91,0.00,4.99,782.75,Monthly,Tier1,New,,No,58000.00,84.42,NSW,,1795,,45399500.0000,2022,500000,,,278.5515320334261838
H120149846215,4000,11/4/2022,11/4/2025,36,26,9,Commercial,19096.56,14226.36,0.00,7.49,593.93,Monthly,TierB,Used,,No,18148.56,61.01,QLD,,1096,,10778974.2408,2022,500000,,,456.2043795620437956
H120150333566,3754,11/4/2022,11/4/2029,84,74,9,Consumer,61816.00,55515.49,0.00,4.75,866.45,Monthly,Tier1,New,,No,60317.00,112.41,VIC,,2557,,52261664.6500,2022,500000,,,195.5416503715291357
H120155461705,2146,11/4/2022,12/4/2027,60,50,9,Consumer,31489.00,26731.94,0.00,4.49,586.90,Monthly,Tier1,New,,No,49000.00,74.27,NSW,,1827,,28758100.0000,2022,500000,,,273.6726874657909141
H120164241842,4507,11/4/2022,11/4/2029,84,74,9,Consumer,48025.12,43718.33,0.00,8.45,759.34,Monthly,Tier1,Used,,No,48880.00,103.64,QLD,,2557,,37116539.2000,2022,500000,,,195.5416503715291357
H120168014479,3933,11/4/2022,19/4/2027,60,50,9,Consumer,26699.00,23114.86,0.00,9.25,557.47,Monthly,Tier3,Used,,No,25500.00,113.61,VIC,,1834,,14215485.0000,2022,500000,,,272.6281352235550709
H120170255829,2565,11/4/2022,12/4/2027,60,50,9,Consumer,41489.00,35264.53,0.00,4.80,779.15,Monthly,Tier1,New,,No,57999.95,75.45,NSW,,1827,,45190661.0425,2022,500000,,,273.6726874657909141
H120187283240,6112,11/4/2022,11/4/2029,84,74,9,Consumer,40999.00,36992.97,0.00,5.99,598.73,Monthly,Tier1,New,,No,51774.00,85.95,WA,,2557,,30998647.0200,2022,500000,,,195.5416503715291357
H120191650299,4216,11/4/2022,13/6/2028,84,64,9,Consumer,44288.31,39758.76,0.00,9.55,800.00,Monthly,Tier2,Used,,No,45000.00,129.88,QLD,,2255,,36000000.0000,2022,500000,,,221.7294900221729490
H120194769776,4304,11/4/2022,5/8/2022,60,0,9,Consumer,19979.00,0.00,0.00,6.29,400.00,Monthly,Tier1,New,,No,18490.00,121.16,QLD,,116,,7396000.0000,2022,500000,,,4310.3448275862068966
H120195756363,2168,11/4/2022,12/4/2027,60,50,9,Consumer,24489.00,21072.55,0.00,7.99,496.43,Monthly,Tier1,Used,,No,23000.00,110.37,NSW,,1827,,11417890.0000,2022,500000,,,273.6726874657909141
H120198981048,6003,11/4/2022,11/4/2029,84,74,9,Consumer,88757.00,81105.73,0.00,9.55,1452.91,Monthly,Tier2,Used,,No,88268.00,130.04,NT,,2557,,128245459.8800,2022,500000,,,195.5416503715291357
H120202853608,3340,11/4/2022,11/5/2027,84,51,9,Consumer,30979.00,26902.38,0.00,8.45,630.00,Monthly,Tier1,Used,,No,29990.00,93.54,VIC,,1856,,18893700.0000,2022,500000,,,269.3965517241379310
H120211862121,3006,11/4/2022,12/4/2027,60,50,9,Consumer,67539.00,57830.81,0.00,6.69,1327.49,Monthly,Tier2,Used,,No,66000.00,113.89,VIC,,1827,,87614340.0000,2022,500000,,,273.6726874657909141
H120216089374,3134,11/4/2022,11/4/2025,36,26,9,Commercial,101489.00,76941.85,0.00,11.97,3369.43,Monthly,TierA,New,,No,129800.00,88.26,VIC,,1096,,437352014.0000,2022,500000,,,456.2043795620437956
H120220307001,870,11/4/2022,12/4/2027,60,50,9,Consumer,44289.00,37966.37,0.00,6.99,876.76,Monthly,Tier1,Used,,No,42800.00,112.12,NT,,1827,,37525328.0000,2022,500000,,,273.6726874657909141
H120221169772,6018,11/4/2022,13/4/2026,48,38,9,Consumer,50539.00,41453.70,0.00,8.75,1251.67,Monthly,Tier1,Used,,No,50000.00,115.16,WA,,1463,,62583500.0000,2022,500000,,,341.7634996582365003
H120439168266,6055,13/4/2022,13/4/2029,84,74,9,Consumer,64999.00,58417.81,0.00,5.02,919.30,Monthly,Tier1,New,,No,79500.00,85.86,WA,,2557,,73084350.0000,2022,500000,,,195.5416503715291357
H120440642365,4560,13/4/2022,13/4/2029,84,74,9,Consumer,45353.17,40991.30,0.00,6.55,674.56,Monthly,Tier2,Used,,No,42258.70,127.76,QLD,,2557,,28506028.6720,2022,500000,,,195.5416503715291357
H120446907370,3515,13/4/2022,9/4/2029,84,74,9,Consumer,43439.00,38971.72,0.00,4.79,609.68,Monthly,Tier1,New,,No,52500.00,92.64,VIC,,2553,,32008200.0000,2022,500000,,,195.8480219349784567
H120448737908,2325,13/4/2022,29/4/2027,60,50,9,Consumer,26599.00,23587.51,9.32,10.25,568.42,Monthly,Tier3,Used,,No,25000.00,106.40,NSW,,1842,,14210500.0000,2022,500000,,,271.4440825190010858
H120450518916,6018,13/4/2022,13/4/2027,60,50,9,Consumer,15449.00,13145.61,0.00,5.15,292.60,Monthly,Tier1,Used,,No,32700.00,59.42,WA,,1826,,9568020.0000,2022,500000,,,273.8225629791894852
H120453513263,3978,13/4/2022,13/4/2029,84,74,9,Consumer,28890.00,25943.51,0.00,4.80,405.61,Monthly,Tier1,New,,No,28901.00,106.57,VIC,,2557,,11722534.6100,2022,500000,,,195.5416503715291357
H120466901915,2769,13/4/2022,13/4/2029,84,74,9,Consumer,81749.00,73736.41,0.00,5.99,1193.84,Monthly,Tier1,New,,No,82499.99,106.89,NSW,,2557,,98491788.0616,2022,500000,,,195.5416503715291357
H120474436476,4171,13/4/2022,14/4/2025,36,26,9,Consumer,29219.00,21542.13,0.00,4.99,875.58,Monthly,Tier1,New,,No,54950.00,56.97,QLD,,1097,,48113121.0000,2022,500000,,,455.7885141294439380
H120481530741,6055,13/4/2022,13/4/2029,84,74,9,Consumer,85094.00,76383.28,0.00,4.69,1190.35,Monthly,Tier2,New,,No,83595.00,110.82,WA,,2557,,99507308.2500,2022,500000,,,195.5416503715291357
H120484933667,3350,13/4/2022,8/8/2022,60,0,9,Consumer,43890.00,0.00,0.00,9.25,916.41,Monthly,Tier2,Used,,No,39500.00,106.36,VIC,,117,,36198195.0000,2022,500000,,,4273.5042735042735043
H120488180451,6208,13/4/2022,13/4/2029,84,74,9,Consumer,48446.00,43786.68,0.00,6.55,720.56,Monthly,Tier2,Used,,No,56957.00,97.36,WA,,2557,,41040935.9200,2022,500000,,,195.5416503715291357
H120505361864,3153,13/4/2022,13/4/2029,84,74,9,Consumer,55489.00,50050.36,0.00,5.99,810.34,Monthly,Tier1,New,,No,55000.00,95.67,VIC,,2557,,44568700.0000,2022,500000,,,195.5416503715291357
H120510539983,2200,13/4/2022,30/4/2029,84,74,9,Consumer,60388.76,55567.97,0.00,7.54,927.45,Monthly,Tier2,New,,No,63133.01,113.43,NSW,,2574,,58552710.1245,2022,500000,,,194.2501942501942502
H120511757086,4000,13/4/2022,13/4/2027,60,50,9,Consumer,44999.00,40327.37,0.00,8.75,928.65,Monthly,Tier1,Used,,No,44000.00,114.50,QLD,,1826,,40860600.0000,2022,500000,,,273.8225629791894852
H120521380881,3064,13/4/2022,13/4/2027,60,50,9,Consumer,30149.00,25722.22,0.00,5.84,580.62,Monthly,Tier1,Used,,No,58550.90,79.76,VIC,,1826,,33995823.5580,2022,500000,,,273.8225629791894852
H120528723325,2007,13/4/2022,13/4/2027,60,50,9,Consumer,49278.00,41986.00,0.00,5.49,941.03,Monthly,Tier1,New,,No,48704.00,118.77,NSW,,1826,,45831925.1200,2022,500000,,,273.8225629791894852
H120535510710,2179,13/4/2022,2/6/2027,60,52,9,Consumer,26469.00,23276.23,0.00,8.25,539.86,Monthly,Tier2,Used,,No,28000.00,93.40,NSW,,1876,,15116080.0000,2022,500000,,,266.5245202558635394
H120536536488,4209,13/4/2022,13/1/2027,60,47,9,Consumer,45749.65,38459.62,0.00,4.80,900.00,Monthly,Tier1,New,,No,45600.65,119.14,QLD,,1736,,41040585.0000,2022,500000,,,288.0184331797235023
H120543319124,4171,13/4/2022,19/9/2022,48,0,9,Consumer,20324.00,0.00,0.00,8.75,503.35,Monthly,Tier1,Used,,No,23917.00,99.14,QLD,,159,,12038621.9500,2022,500000,,,3144.6540880503144654
H120544739849,4304,13/4/2022,13/4/2029,84,74,9,Consumer,42489.00,38388.77,0.00,6.45,629.90,Monthly,Tier1,Used,,No,41000.00,125.71,QLD,,2557,,25825900.0000,2022,500000,,,195.5416503715291357
H120545407848,3500,13/4/2022,13/4/2027,60,50,9,Consumer,41539.00,35709.35,0.00,7.85,839.28,Monthly,Tier1,Used,,No,45000.00,107.28,VIC,,1826,,37767600.0000,2022,500000,,,273.8225629791894852
H120550191680,6171,13/4/2022,13/4/2029,84,74,9,Consumer,28599.00,26559.26,244.42,10.55,482.94,Monthly,Tier3,Used,,No,27000.00,113.26,WA,,2557,,13039380.0000,2022,500000,,,195.5416503715291357
H120556871617,6722,13/4/2022,13/4/2027,60,50,9,Consumer,40706.79,35012.06,0.00,7.99,825.19,Monthly,Tier1,Used,,No,39558.79,120.43,WA,,1826,,32643517.9201,2022,500000,,,273.8225629791894852
H120559011491,4207,13/4/2022,26/4/2029,84,74,9,Consumer,36489.00,34176.40,648.63,9.55,600.10,Monthly,Tier2,Used,,No,35000.00,103.37,QLD,,2570,,21003500.0000,2022,500000,,,194.5525291828793774
H120562918912,2640,13/4/2022,13/4/2029,84,74,9,Consumer,83679.31,75723.74,0.00,6.89,1258.45,Monthly,Tier1,Used,,No,82190.31,134.97,VIC,,2557,,103432395.6195,2022,500000,,,195.5416503715291357
H120569159199,2015,13/4/2022,13/4/2029,84,74,9,Consumer,58551.00,52812.20,0.00,5.99,855.06,Monthly,Tier1,New,,No,58702.00,117.13,NSW,,2557,,50193732.1200,2022,500000,,,195.5416503715291357
H120571953614,3121,13/4/2022,13/4/2027,60,50,9,Consumer,56489.00,48196.59,0.00,5.85,1088.15,Monthly,Tier1,New,,No,54990.00,114.42,VIC,,1826,,59837368.5000,2022,500000,,,273.8225629791894852
H120576112553,6157,13/4/2022,13/4/2029,84,74,9,Consumer,61479.00,55266.66,0.00,5.08,871.25,Monthly,Tier1,New,,No,68990.00,102.64,WA,,2557,,60107537.5000,2022,500000,,,195.5416503715291357
H120580395011,3216,13/4/2022,13/4/2029,84,74,9,Consumer,41200.30,37481.14,0.00,8.39,650.19,Monthly,Tier1,Used,,No,41711.30,112.26,VIC,,2557,,27120270.1470,2022,500000,,,195.5416503715291357
H120581495032,3143,13/4/2022,13/4/2027,60,50,9,Consumer,29049.00,24717.93,0.00,5.15,550.18,Monthly,Tier1,Used,,No,31990.00,106.84,VIC,,1826,,17600258.2000,2022,500000,,,273.8225629791894852
H120583208264,2750,13/4/2022,13/4/2027,60,50,9,Consumer,19563.00,16873.26,0.00,8.75,403.72,Monthly,Tier1,Used,,No,18574.00,140.74,NSW,,1826,,7498695.2800,2022,500000,,,273.8225629791894852
H120585841518,2099,13/4/2022,13/4/2029,84,74,9,Consumer,55479.00,50251.04,0.00,7.15,841.40,Monthly,Tier1,Used,,No,58990.00,95.98,NSW,,2557,,49634186.0000,2022,500000,,,195.5416503715291357
H120598655824,3181,13/4/2022,13/4/2029,84,74,9,Consumer,83203.40,74770.67,0.00,4.99,1175.59,Monthly,Tier1,New,,No,82714.40,104.80,VIC,,2557,,97238221.4960,2022,500000,,,195.5416503715291357
H120603080642,3825,13/4/2022,27/7/2028,72,65,9,Consumer,30979.00,29390.75,328.52,9.55,566.90,Monthly,Tier1,Used,,No,38990.00,105.44,VIC,,2297,,22103431.0000,2022,500000,,,217.6752285589899869
H120604699059,4221,13/4/2022,13/4/2027,60,50,9,Consumer,31479.00,27011.85,0.00,7.35,628.53,Monthly,Tier1,Used,,No,29990.00,131.16,QLD,,1826,,18849614.7000,2022,500000,,,273.8225629791894852
H120610160039,6019,13/4/2022,17/4/2029,84,74,9,Consumer,46961.30,42485.61,0.00,6.58,699.16,Monthly,Tier1,Used,,No,46472.30,112.73,WA,,2561,,32491573.2680,2022,500000,,,195.2362358453729012
H120613317160,4051,13/4/2022,13/4/2027,60,50,9,Consumer,30074.00,25867.74,0.00,7.99,609.64,Monthly,Tier1,Used,,No,28585.00,114.74,NSW,,1826,,17426559.4000,2022,500000,,,273.8225629791894852
H120616574325,3338,13/4/2022,13/4/2029,84,74,9,Consumer,30544.00,27803.09,0.00,8.55,484.47,Monthly,Tier2,Used,,No,27000.00,81.89,VIC,,2557,,13080690.0000,2022,500000,,,195.5416503715291357
H120617221032,4051,13/4/2022,13/8/2026,84,42,9,Consumer,26489.00,21955.87,0.00,7.15,600.00,Monthly,Tier1,Used,,No,41000.00,75.90,QLD,,1583,,24600000.0000,2022,500000,,,315.8559696778269109
H120632573352,3350,13/4/2022,13/4/2027,60,50,9,Consumer,25159.00,21558.91,0.00,6.99,498.05,Monthly,Tier1,Used,,No,24000.00,99.44,VIC,,1826,,11953200.0000,2022,500000,,,273.8225629791894852
H120636792901,4171,13/4/2022,13/4/2027,60,50,9,Consumer,21848.00,18725.87,0.00,7.05,433.13,Monthly,Tier1,Used,,No,25359.00,105.60,QLD,,1826,,10983743.6700,2022,500000,,,273.8225629791894852
H122301543438,6060,29/4/2022,3/5/2027,60,51,8,Commercial,31049.00,28444.24,0.00,5.39,424.85,Monthly,TierA,Used,,No,38154.10,110.73,WA,,1830,,16209769.3850,2022,500000,,,273.2240437158469945
H126197872739,3630,30/5/2022,31/5/2027,60,51,8,Commercial,49919.00,44623.47,0.00,9.93,1058.91,Monthly,TierB,Used,,No,52000.00,130.68,VIC,,1827,,55063320.0000,2022,500000,,,273.6726874657909141
H129604934862,2565,28/6/2022,28/6/2027,60,52,7,Commercial,37759.61,34022.47,0.00,6.99,747.50,Monthly,TierA,Used,,No,36220.61,79.19,NSW,,1826,,27074905.9750,2022,500000,,,273.8225629791894852
H129699976358,4102,28/6/2022,28/6/2027,60,52,7,Commercial,49409.00,44553.30,0.00,7.28,984.89,Monthly,TierA,New,,No,48915.00,102.23,QLD,,1826,,48175894.3500,2022,500000,,,273.8225629791894852
H129737283426,4216,28/6/2022,28/6/2029,84,76,7,Commercial,37905.20,35407.59,0.00,6.79,568.20,Monthly,TierA,New,,No,37406.20,101.46,QLD,,2557,,21254202.8400,2022,500000,,,195.5416503715291357
H130589221294,3145,5/7/2022,5/7/2027,60,53,6,Commercial,41489.00,37707.33,0.00,10.31,887.86,Monthly,TierC,New,,No,47265.00,80.42,VIC,,1826,,41964702.9000,2022,500000,,,273.8225629791894852
H131449411022,7290,13/7/2022,13/7/2029,84,77,6,Commercial,121399.00,114021.85,0.00,9.09,1958.74,Monthly,TierB,Used,,No,120000.00,119.39,TAS,,2557,,235048800.0000,2022,500000,,,195.5416503715291357
H132341549739,3910,21/7/2022,23/7/2029,84,77,6,Commercial,101290.00,95075.81,0.00,8.83,1620.93,Monthly,TierA,New,,No,100800.00,106.49,VIC,,2559,,163389744.0000,2022,500000,,,195.3888237592809691
H132900551977,4519,27/7/2022,27/7/2029,84,77,6,Commercial,47574.00,45342.19,0.00,11.80,834.73,Monthly,TierA,Used,,No,57475.00,147.29,QLD,,2557,,47976106.7500,2022,500000,,,195.5416503715291357
H133111861798,4227,28/7/2022,30/7/2029,84,77,6,Commercial,31223.00,29711.69,0.00,10.68,529.37,Monthly,TierA,Used,,No,29934.00,123.02,QLD,,2559,,15846161.5800,2022,500000,,,195.3888237592809691
H133897179782,3039,4/8/2022,6/8/2029,84,78,5,Commercial,21577.00,20516.45,0.00,10.29,361.44,Monthly,TierA,Used,,No,21088.00,131.89,VIC,,2559,,7622046.7200,2022,500000,,,195.3888237592809691
H134731880729,3012,12/8/2022,16/8/2027,60,54,5,Commercial,27687.00,25761.79,0.00,14.85,656.49,Monthly,TierA,Used,,No,22500.00,141.98,VIC,,1830,,14771025.0000,2022,500000,,,273.2240437158469945
H135953040721,2570,22/8/2022,23/8/2027,60,54,5,Commercial,46026.00,42189.70,0.00,7.68,926.20,Monthly,TierA,New,,No,64537.00,80.89,NSW,,1827,,59774169.4000,2022,500000,,,273.6726874657909141
H137441476742,2112,1/9/2022,1/9/2027,60,55,4,Commercial,77427.00,71833.30,0.00,5.99,1496.52,Monthly,TierA,New,,Yes,77777.00,102.96,NSW,,1826,,116394836.0400,2022,500000,,,273.8225629791894852
H137845675891,3072,5/9/2022,6/9/2027,60,55,4,Commercial,75594.00,71699.67,0.00,5.99,1153.05,Monthly,TierA,New,,Yes,85944.20,104.56,VIC,,1827,,99097959.8100,2022,500000,,,273.6726874657909141
H137965952196,2580,6/9/2022,6/9/2027,60,55,4,Commercial,56157.00,52414.73,0.00,9.26,1172.82,Monthly,TierA,Used,,No,55888.00,130.64,NSW,,1826,,65546564.1600,2022,500000,,,273.8225629791894852
H138506079447,3039,9/9/2022,11/9/2025,36,31,4,Commercial,77258.20,67371.44,0.00,5.99,2349.99,Monthly,TierA,New,,Yes,77608.20,103.70,Vic,,1098,,182378493.9180,2022,500000,,,455.3734061930783242
H138729244419,3197,12/9/2022,13/9/2027,60,55,4,Commercial,20940.20,19498.79,0.00,7.84,422.99,Monthly,TierA,Used,,No,34451.20,120.62,VIC,,1827,,14572513.0880,2022,500000,,,273.6726874657909141
H138883442035,3125,13/9/2022,13/9/2027,60,55,4,Commercial,78790.40,73097.24,0.00,5.99,1522.87,Monthly,TierA,New,,Yes,79175.40,108.98,VIC,,1826,,120573841.3980,2022,500000,,,273.8225629791894852
H139218086925,2617,15/9/2022,15/9/2027,60,55,4,Commercial,76722.00,70903.54,0.00,3.99,1412.60,Monthly,TierA,New,,Yes,77089.00,103.75,ACT,,1826,,108895921.4000,2022,500000,,,273.8225629791894852
H139346789293,5114,15/9/2022,17/9/2029,84,79,4,Commercial,74827.62,71362.50,0.00,7.21,1137.04,Monthly,TierA,New,,No,74328.62,115.26,SA,,2559,,84514614.0848,2022,500000,,,195.3888237592809691
H139503775704,3064,16/9/2022,20/9/2027,60,55,4,Commercial,99479.00,92321.70,0.00,5.99,1922.74,Monthly,TierA,New,,Yes,109479.40,96.86,VIC,,1830,,210500421.5560,2022,500000,,,273.2240437158469945
H140440300400,3074,26/9/2022,27/9/2027,60,55,4,Commercial,77258.00,72811.33,0.00,5.99,1493.25,Monthly,TierA,New,,Yes,77608.20,106.86,VIC,,1827,,115888444.6500,2022,500000,,,273.6726874657909141
H140535211052,3336,26/9/2022,27/9/2027,60,55,4,Commercial,75677.40,71321.70,0.00,5.99,1462.70,Monthly,TierA,New,,Yes,76027.40,103.60,VIC,,1827,,111205277.9800,2022,500000,,,273.6726874657909141
H140682650313,3030,27/9/2022,27/9/2027,60,55,4,Commercial,77202.20,74314.30,0.00,5.99,1103.04,Monthly,TierA,New,,Yes,77552.20,106.78,VIC,,1826,,85543178.6880,2022,500000,,,273.8225629791894852
H140701049249,3030,27/9/2022,27/9/2027,60,55,4,Commercial,61184.00,59159.72,0.00,5.99,808.57,Monthly,TierA,New,,Yes,74534.60,84.63,VIC,,1826,,60266441.5220,2022,500000,,,273.8225629791894852
H145215470734,2073,28/10/2022,1/11/2027,60,57,3,Commercial,50499.00,48388.62,0.00,7.20,1004.71,Monthly,TierA,New,,No,73189.00,69.18,NSW,,1830,,73533720.1900,2022,500000,,,273.2240437158469945
H145259523653,4285,28/10/2022,1/11/2027,60,57,3,Commercial,68989.00,66228.41,0.00,8.88,1428.08,Monthly,TierA,New,,No,67500.00,110.75,QLD,,1830,,96395400.0000,2022,500000,,,273.2240437158469945
H145667308408,3047,1/11/2022,1/11/2027,60,57,2,Commercial,67647.00,66004.26,0.00,6.49,913.52,Monthly,TierA,New,,Yes,82718.20,90.80,VIC,,1826,,75564730.0640,2022,500000,,,273.8225629791894852
H145987997240,3198,3/11/2022,5/11/2029,84,81,2,Commercial,66957.00,65024.92,0.00,5.99,977.82,Monthly,TierA,New,,Yes,79175.40,89.88,VIC,,2559,,77419289.6280,2022,500000,,,195.3888237592809691
H148470645005,6170,21/11/2022,22/11/2027,60,57,2,Commercial,80858.00,78626.53,0.00,6.49,1180.75,Monthly,TierA,New,,Yes,80942.62,111.84,WA,,1827,,95572998.5650,2022,500000,,,273.6726874657909141
H151553653774,3150,9/12/2022,13/12/2027,60,58,1,Commercial,82549.00,81085.33,0.00,6.74,1217.35,Monthly,TierA,New,,Yes,82718.20,114.18,VIC,,1830,,100697000.7700,2022,500000,,,273.2240437158469945
H152874585582,2161,19/12/2022,19/12/2029,84,82,1,Commercial,70481.00,69299.24,0.00,8.92,1131.11,Monthly,TierA,New,,Yes,70070.00,107.60,NSW,,2557,,79256877.7000,2022,500000,,,195.5416503715291357
H153516239817,6005,22/12/2022,24/12/2029,84,82,1,Commercial,90641.00,88961.14,0.00,6.74,1356.52,Monthly,TierA,New,,Yes,103092.06,98.95,WA,,2559,,139846441.2312,2022,500000,,,195.3888237592809691
H155524709022,2536,12/1/2023,12/1/2026,36,35,0,Commercial,82728.00,81609.30,0.00,6.74,1607.54,Monthly,TierA,New,,Yes,117064.25,112.71,NSW,,1096,,188185464.4450,2023,500000,,,456.2043795620437956
H155663699991,4660,13/1/2023,17/1/2028,60,59,0,Commercial,50159.00,49459.07,0.00,6.74,987.06,Monthly,TierA,New,,Yes,80272.00,62.70,QLD,,1830,,79233280.3200,2023,500000,,,273.2240437158469945
H157287877033,5607,25/1/2023,27/1/2028,60,59,0,Commercial,31999.00,31999.00,0.00,9.98,679.56,Monthly,TierC2,New,,No,72957.71,45.59,SA,,1828,,49579141.4076,2023,500000,,,273.5229759299781182
H157390303047,3195,25/1/2023,27/1/2028,60,59,0,Commercial,31479.00,31479.00,0.00,10.65,678.94,Monthly,TierA,Used,,No,44990.00,79.29,VIC,,1828,,30545510.6000,2023,500000,,,273.5229759299781182
H159337819818,4211,8/2/2023,8/2/2030,84,84,0,Commercial,42699.00,42699.00,0.00,11.43,740.80,Monthly,TierA,Used,,No,40000.00,104.09,QLD,,2557,,29632000.0000,2023,500000,,,195.5416503715291357
H159401967260,3023,9/2/2023,9/2/2028,60,60,0,Commercial,98069.32,98069.32,0.00,8.09,1992.71,Monthly,TierA,New,,No,97020.32,108.48,VIC,,1826,,193333361.8672,2023,500000,,,273.8225629791894852
H159534600535,6122,9/2/2023,11/2/2030,84,84,0,Commercial,38499.00,38499.00,0.00,8.19,603.70,Monthly,TierA,New,,No,68350.00,61.11,WA,,2559,,41262895.0000,2023,500000,,,195.3888237592809691
H159538362516,4509,9/2/2023,9/2/2028,60,60,0,Commercial,41001.00,41001.00,0.00,8.19,835.08,Monthly,TierA,New,,No,41001.00,105.30,QLD,,1826,,34239115.0800,2023,500000,,,273.8225629791894852
H161236223316,2594,23/2/2023,23/2/2028,60,60,0,Commercial,26613.12,26613.12,0.00,10.31,569.51,Monthly,TierA,Used,,No,24764.12,84.33,NSW,,1826,,14103413.9812,2023,500000,,,273.8225629791894852
